name noname
width 15
height 10
background mansion
bg_image_width 640
bg_image_height 480
bg_offset_x 0
bg_offset_y 80
bg_x_min -999999
bg_x_max 999999
bg_y_min -999999
bg_y_max 999999
bg_translate_rate_x 1
bg_translate_rate_y 1
bgm none 0
mapchip 0 512 832 64 64 64 
mapchip 64 512 832 0 64 64 
mapchip 128 512 832 0 64 64 
mapchip 192 512 832 0 64 64 
mapchip 256 512 832 0 64 64 
mapchip 320 512 896 0 64 64 
mapchip 384 512 896 0 64 64 
mapchip 448 512 896 0 64 64 
mapchip 512 512 896 0 64 64 
mapchip 0 576 832 64 64 64 
mapchip 64 576 832 64 64 64 
mapchip 128 576 832 64 64 64 
mapchip 192 576 832 64 64 64 
mapchip 256 576 832 64 64 64 
mapchip 320 576 832 64 64 64 
mapchip 384 576 832 64 64 64 
mapchip 448 576 832 64 64 64 
mapchip 512 576 832 64 64 64 
mapchip 576 512 896 0 64 64 
mapchip 640 512 896 0 64 64 
mapchip 704 512 832 0 64 64 
mapchip 768 512 832 0 64 64 
mapchip 832 512 832 0 64 64 
mapchip 896 512 832 64 64 64 
mapchip 576 576 832 64 64 64 
mapchip 640 576 832 64 64 64 
mapchip 704 576 832 64 64 64 
mapchip 768 576 832 64 64 64 
mapchip 832 576 832 64 64 64 
mapchip 896 576 832 64 64 64 
mapchip 0 0 832 64 64 64 
mapchip 0 64 832 64 64 64 
mapchip 0 128 832 64 64 64 
mapchip 0 192 832 64 64 64 
mapchip 0 256 832 64 64 64 
mapchip 0 320 832 64 64 64 
mapchip 0 384 832 64 64 64 
mapchip 0 448 832 64 64 64 
mapchip 64 0 832 64 64 64 
mapchip 128 0 832 64 64 64 
mapchip 192 0 832 64 64 64 
mapchip 256 0 832 64 64 64 
mapchip 320 0 832 64 64 64 
mapchip 384 0 832 64 64 64 
mapchip 448 0 832 64 64 64 
mapchip 64 64 832 64 64 64 
mapchip 128 64 832 64 64 64 
mapchip 192 64 832 64 64 64 
mapchip 256 64 832 64 64 64 
mapchip 320 64 832 64 64 64 
mapchip 384 64 832 64 64 64 
mapchip 448 64 832 64 64 64 
mapchip 512 0 832 64 64 64 
mapchip 576 0 832 64 64 64 
mapchip 640 0 832 64 64 64 
mapchip 704 0 832 64 64 64 
mapchip 768 0 832 64 64 64 
mapchip 512 64 832 64 64 64 
mapchip 576 64 832 64 64 64 
mapchip 640 64 832 64 64 64 
mapchip 704 64 832 64 64 64 
mapchip 768 64 832 64 64 64 
mapchip 832 0 832 64 64 64 
mapchip 896 0 832 64 64 64 
mapchip 832 64 832 64 64 64 
mapchip 896 64 832 64 64 64 
mapchip 896 128 832 64 64 64 
mapchip 896 192 832 64 64 64 
mapchip 896 256 832 64 64 64 
mapchip 896 320 832 64 64 64 
mapchip 896 384 832 64 64 64 
mapchip 896 448 832 64 64 64 
mapchip 64 128 832 64 64 64 
mapchip 64 192 832 64 64 64 
mapchip 64 256 832 64 64 64 
mapchip 64 320 832 64 64 64 
mapchip 704 128 832 64 64 64 
mapchip 768 128 832 64 64 64 
mapchip 832 128 832 64 64 64 
mapchip 704 192 832 64 64 64 
mapchip 768 192 832 64 64 64 
mapchip 832 192 832 64 64 64 
mapchip 128 128 832 64 64 64 
mapchip 192 128 832 64 64 64 
mapchip 256 128 832 64 64 64 
mapchip 320 128 832 64 64 64 
mapchip 384 128 832 64 64 64 
mapchip 448 128 832 64 64 64 
mapchip 512 128 832 64 64 64 
mapchip 576 128 832 64 64 64 
mapchip 640 128 832 64 64 64 
mapchip 640 192 832 64 64 64 
mapchip 448 448 768 192 64 64 
mapchip 512 448 832 192 64 64 
mapchip 704 384 512 448 64 64 
mapchip 512 320 448 576 64 64 
mapchip 512 384 448 640 64 64 
mapchip 320 384 512 448 64 64 
mapchip 128 384 512 448 64 64 
mapchip 64 384 832 64 64 64 
mapchip 448 320 448 448 64 64 
mapchip 448 384 448 512 64 64 
mapchip 832 256 832 64 64 64 
mapchip 832 320 832 64 64 64 
mapchip 832 384 832 64 64 64 
object 480 192 288 832 32 32 
object 64 448 608 1056 32 32 mansion35.txt,2400,640
object 64 480 608 1088 32 32 mansion35.txt,2400,640
object 672 288 576 64 32 32 
object 448 192 32 960 32 32 6
object 448 224 32 960 32 32 6
object 448 256 32 960 32 32 6
object 448 288 32 960 32 32 6
object 448 320 32 960 32 32 6
object 448 352 32 960 32 32 6
object 448 384 32 960 32 32 6
object 448 416 32 960 32 32 6
object 448 448 32 960 32 32 6
object 640 448 32 992 32 32 10
object 96 448 576 992 32 32 br5cls
object 864 448 608 1056 32 32 mansion4.txt,64,576
object 864 480 608 1088 32 32 mansion4.txt,64,576
object 832 448 576 992 32 32 stg5c
