name noname
width 15
height 10
background river
bg_image_width 640
bg_image_height 480
bg_offset_x 0
bg_offset_y 0
bg_x_min -999999
bg_x_max 999999
bg_y_min -999999
bg_y_max 999999
bg_translate_rate_x 0
bg_translate_rate_y 0
bgm riverside.mp3 0
mapchip 0 448 576 0 64 64 
mapchip 64 448 576 0 64 64 
mapchip 128 448 576 0 64 64 
mapchip 192 448 576 0 64 64 
mapchip 256 448 576 0 64 64 
mapchip 320 448 640 128 64 64 
mapchip 384 448 192 192 64 64 
mapchip 448 448 192 192 64 64 
mapchip 0 512 640 0 64 64 
mapchip 64 512 640 0 64 64 
mapchip 128 512 640 0 64 64 
mapchip 192 512 640 0 64 64 
mapchip 256 512 640 0 64 64 
mapchip 320 512 640 0 64 64 
mapchip 384 512 192 256 64 64 
mapchip 448 512 192 256 64 64 
mapchip 0 576 640 0 64 64 
mapchip 64 576 640 0 64 64 
mapchip 128 576 640 0 64 64 
mapchip 192 576 640 0 64 64 
mapchip 256 576 640 0 64 64 
mapchip 320 576 640 0 64 64 
mapchip 384 576 640 0 64 64 
mapchip 448 576 640 0 64 64 
mapchip 512 512 192 256 64 64 
mapchip 576 512 192 256 64 64 
mapchip 640 512 640 0 64 64 
mapchip 704 512 640 0 64 64 
mapchip 768 512 640 0 64 64 
mapchip 832 512 640 0 64 64 
mapchip 512 576 640 0 64 64 
mapchip 576 576 640 0 64 64 
mapchip 640 576 640 0 64 64 
mapchip 704 576 640 0 64 64 
mapchip 768 576 640 0 64 64 
mapchip 832 576 640 0 64 64 
mapchip 512 448 192 192 64 64 
mapchip 576 448 192 192 64 64 
mapchip 640 448 576 0 64 64 
mapchip 704 448 576 0 64 64 
mapchip 768 448 576 0 64 64 
mapchip 832 448 576 0 64 64 
mapchip 896 512 640 0 64 64 
mapchip 896 576 640 0 64 64 
mapchip 896 448 576 0 64 64 
mapchip 64 384 576 256 64 64 
mapchip 128 384 384 192 64 64 
mapchip 192 384 384 128 64 64 
mapchip 768 384 576 256 64 64 
mapchip 832 384 192 448 64 64 
object 0 384 608 1056 32 32 river5.txt,2528,512
object 0 416 608 1088 32 32 river5.txt,2528,512
object 928 384 608 1056 32 32 downtown0.txt,864,384
object 928 416 608 1088 32 32 downtown0.txt,864,384
object 640 384 0 320 32 32 
object 192 384 96 512 32 32 
object 160 384 288 800 32 32 
object 352 128 32 960 32 32 8
object 352 160 32 960 32 32 8
object 352 192 32 960 32 32 8
object 352 224 32 960 32 32 8
object 352 256 32 960 32 32 8
object 352 288 32 960 32 32 8
object 352 320 32 960 32 32 8
object 352 352 32 960 32 32 8
object 352 384 32 960 32 32 8
object 352 416 32 960 32 32 8
object 192 352 96 512 32 32 
object 448 544 640 608 32 32 
object 576 544 640 608 32 32 
object 928 352 608 512 32 32 35,br6
