name noname
width 35
height 32
background room
bg_image_width 640
bg_image_height 480
bg_offset_x 0
bg_offset_y 0
bg_x_min -999999
bg_x_max 999999
bg_y_min -999999
bg_y_max 999999
bg_translate_rate_x 1
bg_translate_rate_y 1
bgm city.mp3 0
mapchip 0 0 0 640 64 64 
mapchip 64 0 0 64 64 64 
mapchip 128 0 0 64 64 64 
mapchip 192 0 0 64 64 64 
mapchip 256 0 0 64 64 64 
mapchip 320 0 0 64 64 64 
mapchip 384 0 0 64 64 64 
mapchip 448 0 0 64 64 64 
mapchip 512 0 0 64 64 64 
mapchip 576 0 0 64 64 64 
mapchip 640 0 0 64 64 64 
mapchip 704 0 0 64 64 64 
mapchip 768 0 0 64 64 64 
mapchip 832 0 0 64 64 64 
mapchip 896 0 0 64 64 64 
mapchip 960 0 0 64 64 64 
mapchip 1024 0 0 64 64 64 
mapchip 1088 0 0 64 64 64 
mapchip 1152 0 0 64 64 64 
mapchip 1216 0 0 64 64 64 
mapchip 1280 0 0 64 64 64 
mapchip 1344 0 0 64 64 64 
mapchip 1408 0 0 64 64 64 
mapchip 1472 0 0 64 64 64 
mapchip 1664 0 0 640 64 64 
mapchip 1664 64 0 640 64 64 
mapchip 1664 128 0 640 64 64 
mapchip 1664 192 0 640 64 64 
mapchip 1664 256 0 640 64 64 
mapchip 1664 320 0 640 64 64 
mapchip 1664 384 448 64 64 64 
mapchip 1664 448 448 64 64 64 
mapchip 1664 512 512 64 64 64 
mapchip 1664 576 448 64 64 64 
mapchip 1664 640 448 64 64 64 
mapchip 1536 0 0 64 64 64 
mapchip 1600 0 0 64 64 64 
mapchip 1600 64 0 64 64 64 
mapchip 1600 128 0 64 64 64 
mapchip 1600 192 0 64 64 64 
mapchip 1600 256 0 64 64 64 
mapchip 1600 320 0 64 64 64 
mapchip 1600 384 0 64 64 64 
mapchip 1600 448 0 64 64 64 
mapchip 1600 512 0 64 64 64 
mapchip 1600 576 0 64 64 64 
mapchip 1600 640 0 64 64 64 
mapchip 0 64 0 640 64 64 
mapchip 64 64 0 64 64 64 
mapchip 0 128 0 640 64 64 
mapchip 64 128 0 64 64 64 
mapchip 0 192 0 640 64 64 
mapchip 64 192 0 64 64 64 
mapchip 0 256 0 640 64 64 
mapchip 64 256 0 64 64 64 
mapchip 0 320 0 640 64 64 
mapchip 64 320 0 64 64 64 
mapchip 0 384 448 64 64 64 
mapchip 64 384 0 64 64 64 
mapchip 0 448 448 64 64 64 
mapchip 64 448 0 64 64 64 
mapchip 0 512 448 64 64 64 
mapchip 64 512 0 64 64 64 
mapchip 0 576 448 64 64 64 
mapchip 64 576 0 64 64 64 
mapchip 0 640 512 64 64 64 
mapchip 64 640 0 64 64 64 
mapchip 128 320 832 320 64 64 
mapchip 192 320 832 320 64 64 
mapchip 256 320 832 320 64 64 
mapchip 320 320 832 320 64 64 
mapchip 384 320 832 320 64 64 
mapchip 448 320 832 320 64 64 
mapchip 512 320 832 320 64 64 
mapchip 576 320 832 320 64 64 
mapchip 640 320 832 320 64 64 
mapchip 704 320 832 320 64 64 
mapchip 768 320 832 320 64 64 
mapchip 832 320 832 320 64 64 
mapchip 896 320 832 320 64 64 
mapchip 960 320 832 320 64 64 
mapchip 1024 320 832 320 64 64 
mapchip 1088 320 832 320 64 64 
mapchip 1152 320 832 320 64 64 
mapchip 1216 320 832 320 64 64 
mapchip 1408 320 832 320 64 64 
mapchip 1472 320 832 320 64 64 
mapchip 1536 320 832 320 64 64 
mapchip 128 384 0 64 64 64 
mapchip 192 384 0 64 64 64 
mapchip 256 384 0 64 64 64 
mapchip 320 384 0 64 64 64 
mapchip 384 384 0 64 64 64 
mapchip 448 384 0 64 64 64 
mapchip 512 384 0 64 64 64 
mapchip 576 384 0 64 64 64 
mapchip 640 384 0 64 64 64 
mapchip 704 384 0 64 64 64 
mapchip 768 384 0 64 64 64 
mapchip 832 384 0 64 64 64 
mapchip 896 384 0 64 64 64 
mapchip 960 384 0 64 64 64 
mapchip 1024 384 0 64 64 64 
mapchip 1088 384 0 64 64 64 
mapchip 1152 384 0 64 64 64 
mapchip 1216 384 0 64 64 64 
mapchip 1408 384 0 64 64 64 
mapchip 1472 384 0 64 64 64 
mapchip 1536 384 0 64 64 64 
mapchip 128 640 832 320 64 64 
mapchip 192 640 832 320 64 64 
mapchip 256 640 832 320 64 64 
mapchip 320 640 832 320 64 64 
mapchip 384 640 832 320 64 64 
mapchip 576 640 832 320 64 64 
mapchip 640 640 832 320 64 64 
mapchip 704 640 832 320 64 64 
mapchip 768 640 832 320 64 64 
mapchip 832 640 832 320 64 64 
mapchip 896 640 832 320 64 64 
mapchip 960 640 832 320 64 64 
mapchip 1024 640 832 320 64 64 
mapchip 1088 640 832 320 64 64 
mapchip 1152 640 832 320 64 64 
mapchip 1216 640 832 320 64 64 
mapchip 1280 640 832 320 64 64 
mapchip 1344 640 832 320 64 64 
mapchip 1408 640 832 320 64 64 
mapchip 1472 640 832 320 64 64 
mapchip 1536 640 832 320 64 64 
mapchip 0 704 448 64 64 64 
mapchip 64 704 0 64 64 64 
mapchip 0 768 448 64 64 64 
mapchip 64 768 0 64 64 64 
mapchip 0 832 448 64 64 64 
mapchip 64 832 0 64 64 64 
mapchip 0 896 448 64 64 64 
mapchip 64 896 0 64 64 64 
mapchip 0 960 448 64 64 64 
mapchip 64 960 0 64 64 64 
mapchip 1600 704 0 64 64 64 
mapchip 1664 704 448 64 64 64 
mapchip 1600 768 0 64 64 64 
mapchip 1664 768 448 64 64 64 
mapchip 1600 832 0 64 64 64 
mapchip 1664 832 448 64 64 64 
mapchip 1600 896 0 64 64 64 
mapchip 1664 896 448 64 64 64 
mapchip 1600 960 0 64 64 64 
mapchip 1664 960 512 64 64 64 
mapchip 128 896 832 320 64 64 
mapchip 192 896 832 320 64 64 
mapchip 256 896 832 320 64 64 
mapchip 320 896 832 320 64 64 
mapchip 384 896 0 64 64 64 
mapchip 448 896 832 320 64 64 
mapchip 512 896 832 320 64 64 
mapchip 576 896 832 320 64 64 
mapchip 640 896 832 320 64 64 
mapchip 704 896 832 320 64 64 
mapchip 768 896 832 320 64 64 
mapchip 832 896 832 320 64 64 
mapchip 896 896 832 320 64 64 
mapchip 960 896 832 320 64 64 
mapchip 1024 896 832 320 64 64 
mapchip 1088 896 832 320 64 64 
mapchip 1152 896 832 320 64 64 
mapchip 1216 896 832 320 64 64 
mapchip 1280 896 832 320 64 64 
mapchip 1344 896 832 320 64 64 
mapchip 1408 896 832 320 64 64 
mapchip 128 1152 832 320 64 64 
mapchip 192 1152 832 320 64 64 
mapchip 256 1152 832 320 64 64 
mapchip 320 1152 832 320 64 64 
mapchip 384 1152 832 320 64 64 
mapchip 448 1152 832 320 64 64 
mapchip 512 1152 832 320 64 64 
mapchip 576 1152 832 320 64 64 
mapchip 640 1152 832 320 64 64 
mapchip 704 1152 832 320 64 64 
mapchip 768 1152 832 320 64 64 
mapchip 832 1152 832 320 64 64 
mapchip 896 1152 832 320 64 64 
mapchip 960 1152 832 320 64 64 
mapchip 1024 1152 832 320 64 64 
mapchip 1088 1152 832 320 64 64 
mapchip 1152 1152 832 320 64 64 
mapchip 1216 1152 832 320 64 64 
mapchip 1280 1152 832 320 64 64 
mapchip 1344 1152 832 320 64 64 
mapchip 1408 1152 832 320 64 64 
mapchip 1472 1152 832 320 64 64 
mapchip 1536 1152 832 320 64 64 
mapchip 0 1024 448 64 64 64 
mapchip 64 1024 0 64 64 64 
mapchip 0 1088 448 64 64 64 
mapchip 64 1088 0 64 64 64 
mapchip 0 1152 448 64 64 64 
mapchip 64 1152 0 64 64 64 
mapchip 1600 1024 0 64 64 64 
mapchip 1664 1024 448 64 64 64 
mapchip 1600 1088 0 64 64 64 
mapchip 1664 1088 448 64 64 64 
mapchip 1600 1152 0 64 64 64 
mapchip 1664 1152 448 64 64 64 
mapchip 448 960 0 64 64 64 
mapchip 448 1024 0 64 64 64 
mapchip 384 832 832 320 64 64 
mapchip 192 1024 640 704 64 64 
mapchip 192 1088 640 768 64 64 
mapchip 128 960 768 448 64 64 
mapchip 128 1024 768 448 64 64 
mapchip 128 1088 768 448 64 64 
mapchip 384 704 896 512 64 64 
mapchip 192 704 832 384 64 64 
mapchip 256 704 832 384 64 64 
mapchip 320 704 832 384 64 64 
mapchip 128 704 768 384 64 64 
mapchip 128 768 768 448 64 64 
mapchip 128 832 768 448 64 64 
mapchip 1536 448 896 448 64 64 
mapchip 1536 512 896 448 64 64 
mapchip 1536 576 896 448 64 64 
mapchip 960 704 704 448 64 64 
mapchip 960 768 704 448 64 64 
mapchip 1280 704 704 448 64 64 
mapchip 1280 768 704 448 64 64 
mapchip 960 960 0 64 64 64 
mapchip 960 1024 0 64 64 64 
mapchip 0 1216 448 64 64 64 
mapchip 64 1216 448 64 64 64 
mapchip 128 1216 448 64 64 64 
mapchip 192 1216 448 64 64 64 
mapchip 256 1216 448 64 64 64 
mapchip 320 1216 448 64 64 64 
mapchip 384 1216 448 64 64 64 
mapchip 448 1216 448 64 64 64 
mapchip 512 1216 448 64 64 64 
mapchip 576 1216 448 64 64 64 
mapchip 640 1216 448 64 64 64 
mapchip 704 1216 448 64 64 64 
mapchip 768 1216 448 64 64 64 
mapchip 832 1216 448 64 64 64 
mapchip 896 1216 448 64 64 64 
mapchip 960 1216 448 64 64 64 
mapchip 1024 1216 448 64 64 64 
mapchip 1088 1216 448 64 64 64 
mapchip 1152 1216 448 64 64 64 
mapchip 0 1280 448 64 64 64 
mapchip 64 1280 448 64 64 64 
mapchip 128 1280 448 64 64 64 
mapchip 192 1280 448 64 64 64 
mapchip 256 1280 448 64 64 64 
mapchip 320 1280 448 64 64 64 
mapchip 384 1280 448 64 64 64 
mapchip 448 1280 512 64 64 64 
mapchip 512 1280 448 64 64 64 
mapchip 576 1280 448 64 64 64 
mapchip 640 1280 448 64 64 64 
mapchip 704 1280 448 64 64 64 
mapchip 768 1280 448 64 64 64 
mapchip 832 1280 448 64 64 64 
mapchip 896 1280 448 64 64 64 
mapchip 960 1280 448 64 64 64 
mapchip 1024 1280 448 64 64 64 
mapchip 1088 1280 448 64 64 64 
mapchip 1152 1280 512 64 64 64 
mapchip 1216 1216 448 64 64 64 
mapchip 1280 1216 448 64 64 64 
mapchip 1344 1216 448 64 64 64 
mapchip 1408 1216 448 64 64 64 
mapchip 1472 1216 448 64 64 64 
mapchip 1536 1216 448 64 64 64 
mapchip 1600 1216 448 64 64 64 
mapchip 1664 1216 448 64 64 64 
mapchip 1216 1280 448 64 64 64 
mapchip 1280 1280 448 64 64 64 
mapchip 1344 1280 448 64 64 64 
mapchip 1408 1280 448 64 64 64 
mapchip 1472 1280 448 64 64 64 
mapchip 1536 1280 448 64 64 64 
mapchip 1600 1280 448 64 64 64 
mapchip 1664 1280 448 64 64 64 
mapchip 0 1344 448 64 64 64 
mapchip 64 1344 448 64 64 64 
mapchip 128 1344 448 64 64 64 
mapchip 192 1344 448 64 64 64 
mapchip 256 1344 448 64 64 64 
mapchip 320 1344 448 64 64 64 
mapchip 384 1344 448 64 64 64 
mapchip 448 1344 448 64 64 64 
mapchip 512 1344 448 64 64 64 
mapchip 576 1344 448 64 64 64 
mapchip 640 1344 448 64 64 64 
mapchip 704 1344 448 64 64 64 
mapchip 768 1344 448 64 64 64 
mapchip 832 1344 448 64 64 64 
mapchip 896 1344 448 64 64 64 
mapchip 960 1344 448 64 64 64 
mapchip 1024 1344 448 64 64 64 
mapchip 1088 1344 448 64 64 64 
mapchip 1152 1344 448 64 64 64 
mapchip 1216 1344 448 64 64 64 
mapchip 1280 1344 448 64 64 64 
mapchip 1344 1344 448 64 64 64 
mapchip 1408 1344 448 64 64 64 
mapchip 1472 1344 448 64 64 64 
mapchip 1536 1344 448 64 64 64 
mapchip 1600 1344 448 64 64 64 
mapchip 1664 1344 448 64 64 64 
mapchip 320 64 256 512 64 64 
mapchip 576 64 256 512 64 64 
mapchip 832 64 256 512 64 64 
mapchip 1088 64 256 512 64 64 
mapchip 1344 64 256 512 64 64 
mapchip 1216 448 256 512 64 64 
mapchip 960 448 256 512 64 64 
mapchip 704 448 256 512 64 64 
mapchip 448 448 256 512 64 64 
mapchip 192 448 256 512 64 64 
mapchip 768 704 256 512 64 64 
mapchip 1024 704 256 512 64 64 
mapchip 1536 704 256 512 64 64 
mapchip 1088 960 256 512 64 64 
mapchip 1344 960 256 512 64 64 
mapchip 832 960 256 512 64 64 
mapchip 576 960 256 512 64 64 
mapchip 320 960 256 512 64 64 
mapchip 1728 384 448 64 64 64 
mapchip 1792 384 448 64 64 64 
mapchip 1856 384 448 64 64 64 
mapchip 1728 448 448 64 64 64 
mapchip 1792 448 448 64 64 64 
mapchip 1856 448 448 64 64 64 
mapchip 1728 512 448 64 64 64 
mapchip 1792 512 448 64 64 64 
mapchip 1856 512 512 64 64 64 
mapchip 1728 576 448 64 64 64 
mapchip 1792 576 448 64 64 64 
mapchip 1856 576 448 64 64 64 
mapchip 1728 640 448 64 64 64 
mapchip 1792 640 448 64 64 64 
mapchip 1856 640 448 64 64 64 
mapchip 1728 704 512 64 64 64 
mapchip 1792 704 448 64 64 64 
mapchip 1856 704 448 64 64 64 
mapchip 1728 768 448 64 64 64 
mapchip 1792 768 448 64 64 64 
mapchip 1856 768 448 64 64 64 
mapchip 1728 832 448 64 64 64 
mapchip 1792 832 448 64 64 64 
mapchip 1856 832 448 64 64 64 
mapchip 1728 896 448 64 64 64 
mapchip 1792 896 448 64 64 64 
mapchip 1856 896 448 64 64 64 
mapchip 1728 960 448 64 64 64 
mapchip 1792 960 448 64 64 64 
mapchip 1856 960 512 64 64 64 
mapchip 1728 1024 448 64 64 64 
mapchip 1792 1024 448 64 64 64 
mapchip 1856 1024 448 64 64 64 
mapchip 1728 1088 448 64 64 64 
mapchip 1792 1088 448 64 64 64 
mapchip 1856 1088 448 64 64 64 
mapchip 1728 1152 512 64 64 64 
mapchip 1792 1152 448 64 64 64 
mapchip 1856 1152 448 64 64 64 
mapchip 1728 1216 448 64 64 64 
mapchip 1792 1216 448 64 64 64 
mapchip 1856 1216 448 64 64 64 
mapchip 1728 320 192 128 64 64 
mapchip 1792 320 192 128 64 64 
mapchip 1856 320 192 128 64 64 
mapchip 512 256 0 320 64 64 
mapchip 960 256 0 320 64 64 
mapchip 576 1088 0 320 64 64 
mapchip 1088 1088 768 384 64 64 
mapchip 1152 1088 832 384 64 64 
mapchip 1216 1088 832 384 64 64 
mapchip 1280 1088 896 384 64 64 
mapchip 704 1024 768 384 64 64 
mapchip 768 1024 896 384 64 64 
mapchip 704 1088 768 448 64 64 
mapchip 768 1088 896 448 64 64 
mapchip 832 704 576 512 64 64 
mapchip 896 704 576 512 64 64 
mapchip 832 768 576 512 64 64 
mapchip 896 768 576 512 64 64 
mapchip 832 832 576 512 64 64 
mapchip 896 832 576 512 64 64 
mapchip 256 448 576 512 64 64 
mapchip 320 448 576 512 64 64 
mapchip 256 512 576 512 64 64 
mapchip 320 512 576 512 64 64 
mapchip 256 576 576 512 64 64 
mapchip 320 576 576 512 64 64 
mapchip 1728 0 0 640 64 64 
mapchip 1792 0 0 640 64 64 
mapchip 1856 0 0 640 64 64 
mapchip 1728 64 0 640 64 64 
mapchip 1792 64 0 640 64 64 
mapchip 1856 64 0 640 64 64 
mapchip 1728 128 0 640 64 64 
mapchip 1792 128 0 640 64 64 
mapchip 1856 128 0 640 64 64 
mapchip 1728 192 0 640 64 64 
mapchip 1792 192 0 640 64 64 
mapchip 1856 192 0 640 64 64 
mapchip 1728 256 0 640 64 64 
mapchip 1792 256 0 640 64 64 
mapchip 1856 256 0 640 64 64 
object 1312 576 928 672 32 32 0,-1,240,b41
object 1504 608 192 544 32 32 b41
object 480 1088 512 992 32 32 b42
object 128 256 608 1056 32 32 downtown8.txt,1696,384
object 128 288 608 1088 32 32 downtown8.txt,1696,384
object 480 832 928 672 32 32 0,-1,240
object 1504 1088 928 672 32 32 0,-1,240
object 256 1120 576 512 32 32 57,b4c
object 416 1056 320 544 32 32 b42
object 320 256 800 512 32 32 
object 352 256 800 512 32 32 
object 320 288 800 544 32 32 
object 352 288 800 544 32 32 
object 960 832 512 992 32 32 b43
object 1024 800 256 544 32 32 b43
object 1280 832 512 992 32 32 b44
object 1344 800 256 544 32 32 b44
object 576 608 384 544 32 32 
object 608 608 384 544 32 32 
object 224 608 576 512 32 32 58
object 1184 864 192 512 32 32 b45
object 768 736 928 672 32 32 0,1,128,b45
object 768 704 192 512 32 32 b44
object 1472 288 288 800 32 32 
object 320 864 192 512 32 32 b42
object 736 256 736 992 32 32 
object 832 576 736 992 32 32 
object 640 1088 736 992 32 32 
object 768 1088 736 992 32 32 
object 1184 1088 736 992 32 32 
object 1344 1088 736 992 32 32 
object 832 864 192 512 32 32 b43
