name noname
width 14
height 30
background downtown
bg_image_width 640
bg_image_height 480
bg_offset_x 0
bg_offset_y 0
bg_x_min -999999
bg_x_max 999999
bg_y_min 0
bg_y_max 999999
bg_translate_rate_x 0
bg_translate_rate_y 0.2
bgm city.mp3 0
mapchip 0 1792 0 704 64 64 
mapchip 64 1792 832 320 64 64 
mapchip 128 1792 832 320 64 64 
mapchip 192 1792 832 320 64 64 
mapchip 256 1792 832 320 64 64 
mapchip 320 1792 832 320 64 64 
mapchip 384 1792 832 320 64 64 
mapchip 448 1792 832 320 64 64 
mapchip 512 1792 832 320 64 64 
mapchip 576 1792 832 320 64 64 
mapchip 640 1792 832 320 64 64 
mapchip 704 1792 832 320 64 64 
mapchip 768 1792 832 320 64 64 
mapchip 832 1792 0 704 64 64 
mapchip 0 1472 0 704 64 64 
mapchip 64 1472 832 320 64 64 
mapchip 128 1472 832 320 64 64 
mapchip 192 1472 832 320 64 64 
mapchip 256 1472 832 320 64 64 
mapchip 320 1472 832 320 64 64 
mapchip 384 1472 832 320 64 64 
mapchip 448 1472 832 320 64 64 
mapchip 512 1472 832 320 64 64 
mapchip 576 1472 832 320 64 64 
mapchip 640 1472 832 320 64 64 
mapchip 832 1472 0 704 64 64 
mapchip 0 1152 0 704 64 64 
mapchip 128 1152 832 320 64 64 
mapchip 192 1152 0 64 64 64 
mapchip 256 1152 832 320 64 64 
mapchip 320 1152 832 320 64 64 
mapchip 384 1152 832 320 64 64 
mapchip 576 1152 832 320 64 64 
mapchip 640 1152 832 320 64 64 
mapchip 704 1152 832 320 64 64 
mapchip 768 1152 832 320 64 64 
mapchip 832 1152 0 704 64 64 
mapchip 0 832 0 704 64 64 
mapchip 64 832 832 320 64 64 
mapchip 640 832 832 320 64 64 
mapchip 704 832 832 320 64 64 
mapchip 832 832 0 704 64 64 
mapchip 0 512 0 704 64 64 
mapchip 64 512 832 320 64 64 
mapchip 128 512 832 320 64 64 
mapchip 192 512 832 320 64 64 
mapchip 256 512 832 320 64 64 
mapchip 320 512 832 320 64 64 
mapchip 448 512 832 320 64 64 
mapchip 512 512 832 320 64 64 
mapchip 576 512 832 320 64 64 
mapchip 640 512 832 320 64 64 
mapchip 704 512 832 320 64 64 
mapchip 832 512 0 704 64 64 
mapchip 832 384 0 704 64 64 
mapchip 832 448 0 704 64 64 
mapchip 832 576 0 704 64 64 
mapchip 832 640 0 704 64 64 
mapchip 832 704 0 704 64 64 
mapchip 832 768 0 704 64 64 
mapchip 832 896 0 704 64 64 
mapchip 832 960 0 704 64 64 
mapchip 832 1024 0 704 64 64 
mapchip 832 1088 0 704 64 64 
mapchip 832 1216 0 704 64 64 
mapchip 832 1280 0 704 64 64 
mapchip 832 1344 0 704 64 64 
mapchip 832 1408 0 704 64 64 
mapchip 832 1536 0 704 64 64 
mapchip 832 1600 0 704 64 64 
mapchip 832 1664 0 704 64 64 
mapchip 832 1728 0 704 64 64 
mapchip 0 1024 0 704 64 64 
mapchip 0 1088 0 704 64 64 
mapchip 0 1216 0 704 64 64 
mapchip 0 1280 0 704 64 64 
mapchip 0 1344 0 704 64 64 
mapchip 0 1408 0 704 64 64 
mapchip 0 1536 0 704 64 64 
mapchip 0 1600 0 704 64 64 
mapchip 0 1664 0 704 64 64 
mapchip 0 1728 0 704 64 64 
mapchip 0 768 0 704 64 64 
mapchip 0 896 0 704 64 64 
mapchip 0 960 0 704 64 64 
mapchip 0 448 0 704 64 64 
mapchip 0 576 0 704 64 64 
mapchip 0 640 0 704 64 64 
mapchip 0 704 0 704 64 64 
mapchip 0 0 0 704 64 64 
mapchip 0 64 0 704 64 64 
mapchip 0 128 0 704 64 64 
mapchip 0 192 0 704 64 64 
mapchip 0 256 0 704 64 64 
mapchip 0 320 0 704 64 64 
mapchip 0 384 0 704 64 64 
mapchip 832 0 0 704 64 64 
mapchip 832 64 0 704 64 64 
mapchip 832 128 0 704 64 64 
mapchip 832 192 0 704 64 64 
mapchip 832 256 0 704 64 64 
mapchip 832 320 0 704 64 64 
mapchip 64 1536 64 320 64 64 
mapchip 128 1536 64 320 64 64 
mapchip 192 1536 64 320 64 64 
mapchip 256 1536 64 320 64 64 
mapchip 320 1536 64 320 64 64 
mapchip 384 1536 64 320 64 64 
mapchip 448 1536 64 320 64 64 
mapchip 512 1536 64 320 64 64 
mapchip 576 1536 64 320 64 64 
mapchip 640 1536 64 320 64 64 
mapchip 704 1536 64 320 64 64 
mapchip 768 1536 64 320 64 64 
mapchip 64 1600 64 320 64 64 
mapchip 128 1600 64 320 64 64 
mapchip 192 1600 64 320 64 64 
mapchip 256 1600 64 320 64 64 
mapchip 320 1600 64 320 64 64 
mapchip 384 1600 64 320 64 64 
mapchip 448 1600 64 320 64 64 
mapchip 512 1600 64 320 64 64 
mapchip 576 1600 64 320 64 64 
mapchip 640 1600 64 320 64 64 
mapchip 704 1600 64 320 64 64 
mapchip 768 1600 64 320 64 64 
mapchip 64 1664 64 320 64 64 
mapchip 128 1664 64 320 64 64 
mapchip 192 1664 576 640 64 64 
mapchip 256 1664 576 640 64 64 
mapchip 320 1664 64 320 64 64 
mapchip 384 1664 64 320 64 64 
mapchip 448 1664 64 320 64 64 
mapchip 512 1664 576 640 64 64 
mapchip 576 1664 576 640 64 64 
mapchip 640 1664 64 320 64 64 
mapchip 704 1664 64 320 64 64 
mapchip 768 1664 64 320 64 64 
mapchip 64 1728 64 320 64 64 
mapchip 128 1728 64 320 64 64 
mapchip 192 1728 64 320 64 64 
mapchip 256 1728 64 320 64 64 
mapchip 320 1728 64 320 64 64 
mapchip 384 1728 0 64 64 64 
mapchip 448 1728 64 320 64 64 
mapchip 512 1728 64 320 64 64 
mapchip 576 1728 0 64 64 64 
mapchip 640 1728 64 320 64 64 
mapchip 704 1728 64 320 64 64 
mapchip 768 1728 64 320 64 64 
mapchip 128 256 64 320 64 64 
mapchip 192 256 832 320 64 64 
mapchip 256 256 832 320 64 64 
mapchip 320 256 832 320 64 64 
mapchip 384 256 832 320 64 64 
mapchip 448 256 832 320 64 64 
mapchip 512 256 832 320 64 64 
mapchip 576 256 832 320 64 64 
mapchip 640 256 832 320 64 64 
mapchip 704 256 832 320 64 64 
mapchip 768 256 832 320 64 64 
mapchip 640 1408 0 64 64 64 
mapchip 128 1408 0 64 64 64 
mapchip 192 1088 832 320 64 64 
mapchip 64 1216 64 320 64 64 
mapchip 128 1216 64 320 64 64 
mapchip 192 1216 64 320 64 64 
mapchip 256 1216 64 320 64 64 
mapchip 320 1216 64 320 64 64 
mapchip 384 1216 64 320 64 64 
mapchip 448 1216 64 320 64 64 
mapchip 512 1216 64 320 64 64 
mapchip 576 1216 64 320 64 64 
mapchip 640 1216 64 320 64 64 
mapchip 704 1216 64 320 64 64 
mapchip 768 1216 64 320 64 64 
mapchip 64 1280 64 320 64 64 
mapchip 128 1280 64 320 64 64 
mapchip 192 1280 576 640 64 64 
mapchip 256 1280 0 64 64 64 
mapchip 320 1280 0 64 64 64 
mapchip 384 1280 0 64 64 64 
mapchip 448 1280 576 640 64 64 
mapchip 512 1280 576 640 64 64 
mapchip 576 1280 576 640 64 64 
mapchip 640 1280 64 320 64 64 
mapchip 704 1280 64 320 64 64 
mapchip 768 1280 64 320 64 64 
mapchip 64 1344 64 320 64 64 
mapchip 128 1344 64 320 64 64 
mapchip 192 1344 64 320 64 64 
mapchip 256 1344 64 320 64 64 
mapchip 320 1344 64 320 64 64 
mapchip 384 1344 64 320 64 64 
mapchip 448 1344 64 320 64 64 
mapchip 512 1344 64 320 64 64 
mapchip 576 1344 64 320 64 64 
mapchip 640 1344 64 320 64 64 
mapchip 704 1344 64 320 64 64 
mapchip 768 1344 64 320 64 64 
mapchip 704 1408 64 320 64 64 
mapchip 768 1408 64 320 64 64 
mapchip 704 1472 64 320 64 64 
mapchip 768 1472 64 320 64 64 
mapchip 192 1408 64 320 64 64 
mapchip 256 1408 64 320 64 64 
mapchip 320 1408 64 320 64 64 
mapchip 384 1408 64 320 64 64 
mapchip 448 1408 64 320 64 64 
mapchip 512 1408 64 320 64 64 
mapchip 576 1408 64 320 64 64 
mapchip 64 1408 64 320 64 64 
mapchip 448 1088 64 320 64 64 
mapchip 512 1088 64 320 64 64 
mapchip 448 1152 64 320 64 64 
mapchip 512 1152 64 320 64 64 
mapchip 256 1088 64 320 64 64 
mapchip 320 1088 64 320 64 64 
mapchip 384 1088 64 320 64 64 
mapchip 576 1088 64 320 64 64 
mapchip 640 1088 64 320 64 64 
mapchip 704 1088 64 320 64 64 
mapchip 768 1088 64 320 64 64 
mapchip 64 1088 64 320 64 64 
mapchip 64 1152 64 320 64 64 
mapchip 128 1088 64 320 64 64 
mapchip 64 896 64 320 64 64 
mapchip 128 896 64 320 64 64 
mapchip 192 896 64 320 64 64 
mapchip 256 896 64 320 64 64 
mapchip 320 896 64 320 64 64 
mapchip 384 896 64 320 64 64 
mapchip 448 896 64 320 64 64 
mapchip 512 896 64 320 64 64 
mapchip 576 896 64 320 64 64 
mapchip 640 896 64 320 64 64 
mapchip 704 896 64 320 64 64 
mapchip 768 896 64 320 64 64 
mapchip 64 960 64 320 64 64 
mapchip 128 960 64 320 64 64 
mapchip 192 960 576 640 64 64 
mapchip 256 960 576 640 64 64 
mapchip 320 960 576 640 64 64 
mapchip 384 960 64 320 64 64 
mapchip 448 960 576 640 64 64 
mapchip 512 960 576 640 64 64 
mapchip 576 960 576 640 64 64 
mapchip 640 960 64 320 64 64 
mapchip 704 960 64 320 64 64 
mapchip 768 960 64 320 64 64 
mapchip 64 1024 64 320 64 64 
mapchip 128 1024 64 320 64 64 
mapchip 192 1024 64 320 64 64 
mapchip 256 1024 64 320 64 64 
mapchip 320 1024 64 320 64 64 
mapchip 384 1024 64 320 64 64 
mapchip 448 1024 64 320 64 64 
mapchip 512 1024 64 320 64 64 
mapchip 576 1024 64 320 64 64 
mapchip 640 1024 64 320 64 64 
mapchip 704 1024 64 320 64 64 
mapchip 768 1024 64 320 64 64 
mapchip 128 832 64 320 64 64 
mapchip 192 832 64 320 64 64 
mapchip 256 832 64 320 64 64 
mapchip 320 832 64 320 64 64 
mapchip 384 832 64 320 64 64 
mapchip 448 832 64 320 64 64 
mapchip 512 832 64 320 64 64 
mapchip 576 832 64 320 64 64 
mapchip 64 576 64 320 64 64 
mapchip 128 576 64 320 64 64 
mapchip 192 576 64 320 64 64 
mapchip 256 576 64 320 64 64 
mapchip 320 576 64 320 64 64 
mapchip 384 576 64 320 64 64 
mapchip 448 576 64 320 64 64 
mapchip 512 576 64 320 64 64 
mapchip 576 576 64 320 64 64 
mapchip 640 576 64 320 64 64 
mapchip 704 576 64 320 64 64 
mapchip 768 576 64 320 64 64 
mapchip 64 640 64 320 64 64 
mapchip 128 640 64 320 64 64 
mapchip 192 640 576 640 64 64 
mapchip 256 640 576 640 64 64 
mapchip 320 640 576 640 64 64 
mapchip 384 640 64 320 64 64 
mapchip 448 640 576 640 64 64 
mapchip 512 640 576 640 64 64 
mapchip 576 640 576 640 64 64 
mapchip 640 640 64 320 64 64 
mapchip 704 640 64 320 64 64 
mapchip 768 640 64 320 64 64 
mapchip 64 704 64 320 64 64 
mapchip 128 704 64 320 64 64 
mapchip 192 704 64 320 64 64 
mapchip 256 704 64 320 64 64 
mapchip 320 704 64 320 64 64 
mapchip 384 704 64 320 64 64 
mapchip 448 704 64 320 64 64 
mapchip 512 704 64 320 64 64 
mapchip 576 704 64 320 64 64 
mapchip 640 704 64 320 64 64 
mapchip 704 704 64 320 64 64 
mapchip 768 704 64 320 64 64 
mapchip 64 768 64 320 64 64 
mapchip 128 768 64 320 64 64 
mapchip 192 768 64 320 64 64 
mapchip 256 768 64 320 64 64 
mapchip 320 768 64 320 64 64 
mapchip 384 768 64 320 64 64 
mapchip 448 768 64 320 64 64 
mapchip 512 768 64 320 64 64 
mapchip 576 768 64 320 64 64 
mapchip 640 768 64 320 64 64 
mapchip 704 768 64 320 64 64 
mapchip 768 768 64 320 64 64 
mapchip 384 512 64 320 64 64 
mapchip 64 320 64 320 64 64 
mapchip 128 320 64 320 64 64 
mapchip 192 320 64 320 64 64 
mapchip 256 320 64 320 64 64 
mapchip 320 320 64 320 64 64 
mapchip 384 320 64 320 64 64 
mapchip 448 320 64 320 64 64 
mapchip 512 320 64 320 64 64 
mapchip 576 320 64 320 64 64 
mapchip 640 320 64 320 64 64 
mapchip 704 320 64 320 64 64 
mapchip 768 320 64 320 64 64 
mapchip 64 384 64 320 64 64 
mapchip 128 384 64 320 64 64 
mapchip 192 384 576 640 64 64 
mapchip 256 384 576 640 64 64 
mapchip 320 384 576 640 64 64 
mapchip 384 384 64 320 64 64 
mapchip 448 384 576 640 64 64 
mapchip 512 384 576 640 64 64 
mapchip 576 384 576 640 64 64 
mapchip 640 384 64 320 64 64 
mapchip 704 384 64 320 64 64 
mapchip 768 384 64 320 64 64 
mapchip 64 448 64 320 64 64 
mapchip 128 448 64 320 64 64 
mapchip 192 448 64 320 64 64 
mapchip 256 448 64 320 64 64 
mapchip 320 448 64 320 64 64 
mapchip 384 448 64 320 64 64 
mapchip 448 448 64 320 64 64 
mapchip 512 448 64 320 64 64 
mapchip 576 448 64 320 64 64 
mapchip 640 448 64 320 64 64 
mapchip 704 448 0 64 64 64 
mapchip 768 448 64 320 64 64 
mapchip 768 512 64 320 64 64 
mapchip 128 192 576 576 64 64 
mapchip 192 192 576 576 64 64 
mapchip 256 192 576 576 64 64 
mapchip 320 192 576 576 64 64 
mapchip 384 192 576 576 64 64 
mapchip 448 192 576 576 64 64 
mapchip 512 192 576 576 64 64 
mapchip 576 192 576 576 64 64 
mapchip 640 192 576 576 64 64 
mapchip 704 192 576 576 64 64 
mapchip 768 192 576 576 64 64 
mapchip 64 192 576 576 64 64 
mapchip 64 256 64 320 64 64 
mapchip 768 832 64 320 64 64 
mapchip 0 1856 0 64 64 64 
mapchip 64 1856 0 64 64 64 
mapchip 128 1856 0 64 64 64 
mapchip 192 1856 0 64 64 64 
mapchip 256 1856 0 64 64 64 
mapchip 320 1856 0 64 64 64 
mapchip 384 1856 0 64 64 64 
mapchip 448 1856 0 64 64 64 
mapchip 512 1856 0 64 64 64 
mapchip 576 1856 0 64 64 64 
mapchip 640 1856 0 64 64 64 
mapchip 704 1856 0 64 64 64 
mapchip 768 1856 0 64 64 64 
mapchip 832 1856 0 64 64 64 
object 192 1440 832 672 32 32 
object 224 1440 864 672 32 32 
object 256 1440 864 672 32 32 
object 288 1440 864 672 32 32 
object 320 1440 864 672 32 32 
object 352 1440 864 672 32 32 
object 384 1440 864 672 32 32 
object 416 1440 864 672 32 32 
object 448 1440 864 672 32 32 
object 480 1440 864 672 32 32 
object 512 1440 864 672 32 32 
object 544 1440 864 672 32 32 
object 576 1440 864 672 32 32 
object 608 1440 896 672 32 32 
object 416 1120 896 672 32 32 
object 256 1120 832 672 32 32 
object 288 1120 864 672 32 32 
object 320 1120 864 672 32 32 
object 352 1120 864 672 32 32 
object 384 1120 864 672 32 32 
object 576 1120 832 672 32 32 2
object 800 1120 896 672 32 32 2
object 608 1120 864 672 32 32 2
object 640 1120 864 672 32 32 2
object 672 1120 864 672 32 32 2
object 704 1120 864 672 32 32 2
object 736 1120 864 672 32 32 2
object 768 1120 864 672 32 32 2
object 736 1696 0 864 32 32 0
object 736 1600 0 864 32 32 0
object 736 1504 0 864 32 32 0
object 736 1408 0 864 32 32 0
object 64 1312 0 864 32 32 0
object 64 1216 0 864 32 32 0
object 64 1120 0 864 32 32 0
object 768 1024 0 864 32 32 0
object 768 928 0 864 32 32 0
object 768 832 0 864 32 32 0
object 608 800 832 672 32 32 2
object 640 800 864 672 32 32 2
object 672 800 896 672 32 32 2
object 384 800 832 672 32 32 
object 416 800 864 672 32 32 
object 448 800 864 672 32 32 
object 256 800 896 672 32 32 
object 224 800 864 672 32 32 
object 192 800 832 672 32 32 
object 480 800 896 672 32 32 
object 768 512 928 672 32 32 0,1,250,bld2
object 448 480 832 672 32 32 2
object 672 480 896 672 32 32 2
object 480 480 864 672 32 32 2
object 512 480 864 672 32 32 2
object 544 480 864 672 32 32 2
object 576 480 864 672 32 32 2
object 608 480 864 672 32 32 2
object 640 480 864 672 32 32 2
object 192 480 864 672 32 32 
object 224 480 864 672 32 32 
object 256 480 864 672 32 32 
object 288 480 864 672 32 32 
object 320 480 864 672 32 32 
object 160 480 832 672 32 32 
object 352 480 896 672 32 32 
object 64 800 192 544 32 32 bld2
object 64 416 0 864 32 32 
object 64 320 0 864 32 32 
object 64 224 0 864 32 32 
object 64 1728 608 1056 32 32 downtown11.txt,1408,578
object 64 1760 608 1088 32 32 downtown11.txt,1408,578
object 96 480 416 512 32 32 
object 96 448 384 704 32 32 
object 192 448 352 1152 32 32 
object 576 224 352 1152 32 32 
object 800 224 576 512 32 32 43
object 448 1760 832 672 32 32 
object 480 1760 864 672 32 32 
object 544 1760 896 672 32 32 
object 512 1760 864 672 32 32 
object 160 1376 544 928 32 32 
object 256 1408 544 928 32 32 
object 256 448 352 1152 32 32 
object 480 224 352 1152 32 32 
object 384 224 352 1152 32 32 
object 320 448 352 1152 32 32 
