name noname
width 32
height 14
background cave
bg_image_width 640
bg_image_height 480
bg_offset_x 0
bg_offset_y 0
bg_x_min -999999
bg_x_max 999999
bg_y_min -999999
bg_y_max 999999
bg_translate_rate_x 0.2
bg_translate_rate_y 0
bgm city.mp3 0
mapchip 0 256 256 64 64 64 
mapchip 64 256 256 64 64 64 
mapchip 0 320 256 0 64 64 
mapchip 64 320 256 0 64 64 
mapchip 128 320 256 64 64 64 
mapchip 0 0 256 0 64 64 
mapchip 64 0 256 0 64 64 
mapchip 128 0 256 0 64 64 
mapchip 0 64 256 0 64 64 
mapchip 64 64 256 0 64 64 
mapchip 128 64 256 0 64 64 
mapchip 192 0 256 0 64 64 
mapchip 256 0 256 0 64 64 
mapchip 320 0 256 0 64 64 
mapchip 384 0 256 0 64 64 
mapchip 192 64 256 0 64 64 
mapchip 256 64 256 0 64 64 
mapchip 320 64 256 0 64 64 
mapchip 0 384 256 0 64 64 
mapchip 64 384 256 0 64 64 
mapchip 128 384 256 0 64 64 
mapchip 192 384 256 64 64 64 
mapchip 256 384 256 64 64 64 
mapchip 320 384 256 64 64 64 
mapchip 384 384 256 64 64 64 
mapchip 0 448 256 0 64 64 
mapchip 64 448 256 0 64 64 
mapchip 128 448 256 0 64 64 
mapchip 192 448 256 0 64 64 
mapchip 256 448 256 0 64 64 
mapchip 320 448 256 0 64 64 
mapchip 384 448 256 0 64 64 
mapchip 0 512 256 0 64 64 
mapchip 64 512 256 0 64 64 
mapchip 128 512 256 0 64 64 
mapchip 192 512 256 0 64 64 
mapchip 256 512 256 0 64 64 
mapchip 320 512 256 0 64 64 
mapchip 384 512 256 0 64 64 
mapchip 512 512 256 0 64 64 
mapchip 576 512 256 0 64 64 
mapchip 512 576 256 0 64 64 
mapchip 576 576 256 0 64 64 
mapchip 448 384 256 64 64 64 
mapchip 576 384 256 64 64 64 
mapchip 640 384 256 0 64 64 
mapchip 448 448 256 0 64 64 
mapchip 512 448 256 64 64 64 
mapchip 576 448 256 0 64 64 
mapchip 640 448 256 0 64 64 
mapchip 448 512 256 0 64 64 
mapchip 640 512 256 0 64 64 
mapchip 448 576 256 0 64 64 
mapchip 640 576 256 0 64 64 
mapchip 448 640 256 0 64 64 
mapchip 512 640 256 0 64 64 
mapchip 576 640 256 0 64 64 
mapchip 640 640 256 0 64 64 
mapchip 320 256 256 64 64 64 
mapchip 384 192 256 64 64 64 
mapchip 448 0 256 0 64 64 
mapchip 512 0 256 0 64 64 
mapchip 512 64 256 0 64 64 
mapchip 576 64 256 0 64 64 
mapchip 512 128 256 0 64 64 
mapchip 576 128 256 0 64 64 
mapchip 448 192 256 64 64 64 
mapchip 192 320 256 128 64 64 
mapchip 256 320 256 128 64 64 
mapchip 0 192 448 256 64 64 
mapchip 64 192 448 256 64 64 
mapchip 640 0 256 0 64 64 
mapchip 704 0 256 0 64 64 
mapchip 768 0 256 0 64 64 
mapchip 832 0 256 0 64 64 
mapchip 896 0 256 0 64 64 
mapchip 640 64 256 0 64 64 
mapchip 704 64 256 0 64 64 
mapchip 768 64 256 0 64 64 
mapchip 832 64 256 0 64 64 
mapchip 896 64 256 0 64 64 
mapchip 640 128 256 0 64 64 
mapchip 704 128 256 0 64 64 
mapchip 768 128 256 0 64 64 
mapchip 832 128 256 0 64 64 
mapchip 896 128 256 0 64 64 
mapchip 576 0 256 0 64 64 
mapchip 384 256 256 0 64 64 
mapchip 448 256 256 0 64 64 
mapchip 512 192 256 0 64 64 
mapchip 640 320 256 64 64 64 
mapchip 704 384 256 64 64 64 
mapchip 768 448 256 64 64 64 
mapchip 704 448 256 0 64 64 
mapchip 704 512 256 0 64 64 
mapchip 704 576 256 0 64 64 
mapchip 704 640 256 0 64 64 
mapchip 768 512 256 0 64 64 
mapchip 768 576 256 0 64 64 
mapchip 768 640 256 0 64 64 
mapchip 832 320 256 64 64 64 
mapchip 896 320 256 64 64 64 
mapchip 1088 320 256 64 64 64 
mapchip 1152 320 256 64 64 64 
mapchip 832 448 256 64 64 64 
mapchip 896 448 256 64 64 64 
mapchip 960 448 256 64 64 64 
mapchip 1024 448 256 64 64 64 
mapchip 1088 448 256 64 64 64 
mapchip 1152 448 256 64 64 64 
mapchip 960 64 256 0 64 64 
mapchip 1024 64 256 0 64 64 
mapchip 1088 64 256 0 64 64 
mapchip 1152 64 256 0 64 64 
mapchip 960 128 256 0 64 64 
mapchip 1024 128 256 0 64 64 
mapchip 1088 128 256 0 64 64 
mapchip 1152 128 256 0 64 64 
mapchip 960 0 256 0 64 64 
mapchip 1024 0 256 0 64 64 
mapchip 1088 0 256 0 64 64 
mapchip 1152 0 256 0 64 64 
mapchip 1216 0 256 0 64 64 
mapchip 1280 0 256 0 64 64 
mapchip 1344 0 256 0 64 64 
mapchip 1408 0 256 0 64 64 
mapchip 1472 0 256 0 64 64 
mapchip 1216 64 256 0 64 64 
mapchip 1280 64 256 0 64 64 
mapchip 1344 64 256 0 64 64 
mapchip 1408 64 256 0 64 64 
mapchip 1472 64 256 0 64 64 
mapchip 1216 128 256 0 64 64 
mapchip 1280 128 256 0 64 64 
mapchip 1344 128 256 0 64 64 
mapchip 1408 128 256 0 64 64 
mapchip 1472 128 256 0 64 64 
mapchip 1408 448 256 0 64 64 
mapchip 1280 512 256 0 64 64 
mapchip 1344 320 256 64 64 64 
mapchip 1408 320 256 64 64 64 
mapchip 1216 448 256 64 64 64 
mapchip 1280 448 256 64 64 64 
mapchip 1344 448 256 0 64 64 
mapchip 1344 384 256 0 64 64 
mapchip 1408 384 256 0 64 64 
mapchip 1472 384 256 64 64 64 
mapchip 1472 448 256 0 64 64 
mapchip 1536 448 256 64 64 64 
mapchip 1344 512 256 0 64 64 
mapchip 1408 512 256 0 64 64 
mapchip 1472 512 256 0 64 64 
mapchip 1536 512 256 0 64 64 
mapchip 1600 448 256 64 64 64 
mapchip 1536 192 256 0 64 64 
mapchip 1536 0 256 0 64 64 
mapchip 1600 0 256 0 64 64 
mapchip 1664 0 256 0 64 64 
mapchip 1728 0 256 0 64 64 
mapchip 1792 0 256 0 64 64 
mapchip 1536 64 256 0 64 64 
mapchip 1600 64 256 0 64 64 
mapchip 1664 64 256 0 64 64 
mapchip 1728 64 256 0 64 64 
mapchip 1792 64 256 0 64 64 
mapchip 1536 128 256 0 64 64 
mapchip 1600 128 256 0 64 64 
mapchip 1664 128 256 0 64 64 
mapchip 1728 128 256 0 64 64 
mapchip 1792 128 256 0 64 64 
mapchip 1856 0 256 0 64 64 
mapchip 1920 0 256 0 64 64 
mapchip 1984 0 256 0 64 64 
mapchip 1856 64 256 0 64 64 
mapchip 1920 64 256 0 64 64 
mapchip 1984 64 256 0 64 64 
mapchip 1856 128 256 0 64 64 
mapchip 1920 128 256 0 64 64 
mapchip 1984 128 256 0 64 64 
mapchip 1856 192 256 0 64 64 
mapchip 1920 192 256 0 64 64 
mapchip 1984 192 256 0 64 64 
mapchip 1856 256 256 0 64 64 
mapchip 1920 256 256 0 64 64 
mapchip 1984 256 256 0 64 64 
mapchip 1920 320 256 0 64 64 
mapchip 1984 320 256 0 64 64 
mapchip 1920 384 256 0 64 64 
mapchip 1984 384 256 0 64 64 
mapchip 1664 512 256 64 64 64 
mapchip 1792 192 256 0 64 64 
mapchip 832 512 256 0 64 64 
mapchip 896 512 256 0 64 64 
mapchip 960 512 256 0 64 64 
mapchip 1024 512 256 0 64 64 
mapchip 1088 512 256 0 64 64 
mapchip 1152 512 256 0 64 64 
mapchip 1216 512 256 0 64 64 
mapchip 1664 640 256 64 64 64 
mapchip 1984 448 256 0 64 64 
mapchip 1984 512 256 0 64 64 
mapchip 1984 576 256 0 64 64 
mapchip 1984 640 256 0 64 64 
mapchip 1728 704 256 64 64 64 
mapchip 1792 704 256 64 64 64 
mapchip 1856 704 256 64 64 64 
mapchip 1920 704 256 64 64 64 
mapchip 1600 512 256 0 64 64 
mapchip 1664 704 256 0 64 64 
mapchip 1664 768 256 0 64 64 
mapchip 1728 768 256 0 64 64 
mapchip 1792 768 256 0 64 64 
mapchip 1856 768 256 0 64 64 
mapchip 1920 768 256 0 64 64 
mapchip 1664 832 256 0 64 64 
mapchip 1728 832 256 0 64 64 
mapchip 1792 832 256 0 64 64 
mapchip 1856 832 256 0 64 64 
mapchip 1920 832 256 0 64 64 
mapchip 1984 704 256 0 64 64 
mapchip 1984 768 256 0 64 64 
mapchip 1984 832 256 0 64 64 
mapchip 1984 896 256 0 64 64 
mapchip 1536 704 256 64 64 64 
mapchip 1600 704 256 64 64 64 
mapchip 1472 768 256 64 64 64 
mapchip 1344 704 256 64 64 64 
mapchip 1408 704 256 64 64 64 
mapchip 1280 768 256 64 64 64 
mapchip 1152 704 256 64 64 64 
mapchip 1216 704 256 64 64 64 
mapchip 1280 576 256 0 64 64 
mapchip 1472 576 256 0 64 64 
mapchip 1152 768 256 0 64 64 
mapchip 1216 768 256 0 64 64 
mapchip 1152 832 256 0 64 64 
mapchip 1216 832 256 0 64 64 
mapchip 1344 768 256 0 64 64 
mapchip 1408 768 256 0 64 64 
mapchip 1344 832 256 0 64 64 
mapchip 1408 832 256 0 64 64 
mapchip 1280 832 256 0 64 64 
mapchip 1536 768 256 0 64 64 
mapchip 1600 768 256 0 64 64 
mapchip 1536 832 256 0 64 64 
mapchip 1600 832 256 0 64 64 
mapchip 1472 832 256 0 64 64 
mapchip 1088 768 256 64 64 64 
mapchip 1024 832 256 64 64 64 
mapchip 896 704 256 64 64 64 
mapchip 960 768 256 64 64 64 
mapchip 832 768 256 64 64 64 
mapchip 768 832 256 64 64 64 
mapchip 512 832 256 64 64 64 
mapchip 576 832 256 64 64 64 
mapchip 640 832 256 64 64 64 
mapchip 704 832 256 64 64 64 
mapchip 128 832 256 64 64 64 
mapchip 192 832 256 64 64 64 
mapchip 256 832 256 64 64 64 
mapchip 320 832 256 64 64 64 
mapchip 384 832 256 64 64 64 
mapchip 448 832 256 64 64 64 
mapchip 0 576 256 0 64 64 
mapchip 64 576 256 0 64 64 
mapchip 0 640 256 0 64 64 
mapchip 64 640 256 0 64 64 
mapchip 0 704 256 0 64 64 
mapchip 64 704 256 0 64 64 
mapchip 0 768 256 0 64 64 
mapchip 64 768 256 0 64 64 
mapchip 0 832 256 0 64 64 
mapchip 64 832 256 0 64 64 
mapchip 384 576 256 0 64 64 
mapchip 832 832 256 0 64 64 
mapchip 896 832 256 0 64 64 
mapchip 960 832 256 0 64 64 
mapchip 896 768 256 0 64 64 
mapchip 1088 832 256 0 64 64 
mapchip 1856 576 256 64 64 64 
mapchip 320 768 256 128 64 64 
mapchip 384 768 256 128 64 64 
mapchip 512 768 256 128 64 64 
mapchip 1216 320 256 64 64 64 
mapchip 1280 320 256 64 64 64 
mapchip 1152 384 256 128 64 64 
mapchip 768 384 256 128 64 64 
mapchip 1792 640 256 128 64 64 
mapchip 1088 704 256 128 64 64 
mapchip 896 192 128 704 64 64 
mapchip 1216 192 128 704 64 64 
mapchip 1280 192 128 704 64 64 
mapchip 1664 192 128 704 64 64 
mapchip 960 576 128 704 64 64 
mapchip 512 256 128 704 64 64 
mapchip 640 192 128 704 64 64 
mapchip 192 576 128 704 64 64 
mapchip 704 704 128 704 64 64 
object 0 192 608 1056 32 32 downtown3.txt,1440,512
object 0 224 608 1088 32 32 downtown3.txt,1440,512
object 480 160 608 1088 32 32 
object 480 128 608 1056 32 32 downtown3.txt,1504,128
object 416 160 352 1152 32 32 
object 448 352 352 1120 32 32 
object 992 416 352 1120 32 32 
object 1120 416 352 1120 32 32 
object 1568 416 352 1152 32 32 
object 1408 288 352 1152 32 32 
object 1792 672 448 1248 32 32 
object 1824 672 448 1248 32 32 
object 1856 672 448 1248 32 32 
object 1888 672 448 1248 32 32 
object 1920 672 448 1248 32 32 
object 1952 672 448 1248 32 32 
object 1376 672 352 1120 32 32 
object 1440 672 352 1120 32 32 
object 928 672 352 1120 32 32 
object 1088 736 480 704 32 32 
object 576 800 480 704 32 32 
object 480 800 480 704 32 32 
object 672 800 352 1152 32 32 
object 224 768 96 640 32 32 
object 160 288 288 800 32 32 
object 128 768 608 1056 32 32 downtown5.txt,2208,192
object 128 800 608 1088 32 32 downtown5.txt,2208,192
object 1888 544 608 512 32 32 28
object 1248 384 0 544 32 32 
object 1280 384 0 544 32 32 
object 1312 384 0 544 32 32 
object 1248 416 0 544 32 32 
object 1280 416 0 544 32 32 
object 1312 416 0 544 32 32 
object 1024 800 0 544 32 32 
object 1280 736 0 544 32 32 
object 1472 736 0 544 32 32 
object 1728 608 0 544 32 32 
