name noname
width 36
height 14
background downtown
bg_image_width 640
bg_image_height 480
bg_offset_x 0
bg_offset_y 0
bg_x_min -999999
bg_x_max 999999
bg_y_min -999999
bg_y_max 999999
bg_translate_rate_x 0
bg_translate_rate_y 0.2
bgm city.mp3 0
mapchip 0 640 512 0 64 64 
mapchip 64 640 512 0 64 64 
mapchip 128 640 512 0 64 64 
mapchip 192 640 512 0 64 64 
mapchip 256 640 512 0 64 64 
mapchip 320 640 512 0 64 64 
mapchip 384 640 512 0 64 64 
mapchip 448 640 512 0 64 64 
mapchip 512 640 512 0 64 64 
mapchip 576 640 512 0 64 64 
mapchip 640 640 512 0 64 64 
mapchip 704 640 512 0 64 64 
mapchip 768 640 512 0 64 64 
mapchip 832 640 512 0 64 64 
mapchip 896 640 512 0 64 64 
mapchip 960 640 512 0 64 64 
mapchip 1024 640 512 0 64 64 
mapchip 1088 640 512 0 64 64 
mapchip 1152 640 512 0 64 64 
mapchip 1216 640 512 0 64 64 
mapchip 1280 640 512 0 64 64 
mapchip 1344 640 512 0 64 64 
mapchip 1408 640 512 0 64 64 
mapchip 1472 640 512 0 64 64 
mapchip 1536 640 512 0 64 64 
mapchip 1600 640 512 0 64 64 
mapchip 1664 640 512 0 64 64 
mapchip 1728 640 512 0 64 64 
mapchip 1792 640 0 64 64 64 
mapchip 1856 640 0 64 64 64 
mapchip 1920 640 0 64 64 64 
mapchip 1984 640 0 64 64 64 
mapchip 2048 640 512 0 64 64 
mapchip 2112 640 512 0 64 64 
mapchip 0 704 448 64 64 64 
mapchip 64 704 448 64 64 64 
mapchip 128 704 448 64 64 64 
mapchip 192 704 448 64 64 64 
mapchip 256 704 448 64 64 64 
mapchip 320 704 448 64 64 64 
mapchip 384 704 448 64 64 64 
mapchip 448 704 448 64 64 64 
mapchip 512 704 448 64 64 64 
mapchip 576 704 448 64 64 64 
mapchip 640 704 448 64 64 64 
mapchip 0 768 448 64 64 64 
mapchip 64 768 448 64 64 64 
mapchip 128 768 448 64 64 64 
mapchip 192 768 448 64 64 64 
mapchip 256 768 448 64 64 64 
mapchip 320 768 448 64 64 64 
mapchip 384 768 448 64 64 64 
mapchip 448 768 448 64 64 64 
mapchip 512 768 448 64 64 64 
mapchip 576 768 448 64 64 64 
mapchip 640 768 448 64 64 64 
mapchip 0 832 448 64 64 64 
mapchip 64 832 448 64 64 64 
mapchip 128 832 448 64 64 64 
mapchip 192 832 448 64 64 64 
mapchip 256 832 448 64 64 64 
mapchip 320 832 448 64 64 64 
mapchip 384 832 448 64 64 64 
mapchip 448 832 512 64 64 64 
mapchip 512 832 448 64 64 64 
mapchip 576 832 448 64 64 64 
mapchip 640 832 448 64 64 64 
mapchip 704 704 448 64 64 64 
mapchip 768 704 448 64 64 64 
mapchip 832 704 448 64 64 64 
mapchip 896 704 448 64 64 64 
mapchip 960 704 448 64 64 64 
mapchip 1024 704 448 64 64 64 
mapchip 1088 704 448 64 64 64 
mapchip 1152 704 448 64 64 64 
mapchip 1216 704 512 64 64 64 
mapchip 704 768 448 64 64 64 
mapchip 768 768 448 64 64 64 
mapchip 832 768 448 64 64 64 
mapchip 896 768 448 64 64 64 
mapchip 960 768 448 64 64 64 
mapchip 1024 768 448 64 64 64 
mapchip 1088 768 448 64 64 64 
mapchip 1152 768 448 64 64 64 
mapchip 1216 768 448 64 64 64 
mapchip 704 832 448 64 64 64 
mapchip 768 832 448 64 64 64 
mapchip 832 832 448 64 64 64 
mapchip 896 832 448 64 64 64 
mapchip 960 832 448 64 64 64 
mapchip 1024 832 448 64 64 64 
mapchip 1088 832 448 64 64 64 
mapchip 1152 832 448 64 64 64 
mapchip 1216 832 448 64 64 64 
mapchip 1344 704 448 64 64 64 
mapchip 1408 704 448 64 64 64 
mapchip 1472 704 448 64 64 64 
mapchip 1536 704 448 64 64 64 
mapchip 1600 704 448 64 64 64 
mapchip 1664 704 448 64 64 64 
mapchip 1728 704 448 64 64 64 
mapchip 1344 768 448 64 64 64 
mapchip 1408 768 448 64 64 64 
mapchip 1472 768 448 64 64 64 
mapchip 1536 768 448 64 64 64 
mapchip 1600 768 448 64 64 64 
mapchip 1664 768 448 64 64 64 
mapchip 1728 768 448 64 64 64 
mapchip 1344 832 448 64 64 64 
mapchip 1408 832 448 64 64 64 
mapchip 1472 832 448 64 64 64 
mapchip 1536 832 448 64 64 64 
mapchip 1600 832 448 64 64 64 
mapchip 1664 832 448 64 64 64 
mapchip 1728 832 448 64 64 64 
mapchip 1280 704 448 64 64 64 
mapchip 1280 768 448 64 64 64 
mapchip 1280 832 448 64 64 64 
mapchip 1792 704 448 64 64 64 
mapchip 1856 704 448 64 64 64 
mapchip 1920 704 448 64 64 64 
mapchip 1984 704 448 64 64 64 
mapchip 2048 704 448 64 64 64 
mapchip 1792 768 448 64 64 64 
mapchip 1856 768 512 64 64 64 
mapchip 1920 768 448 64 64 64 
mapchip 1984 768 448 64 64 64 
mapchip 2048 768 448 64 64 64 
mapchip 1792 832 448 64 64 64 
mapchip 1856 832 448 64 64 64 
mapchip 1920 832 448 64 64 64 
mapchip 1984 832 448 64 64 64 
mapchip 2048 832 448 64 64 64 
mapchip 2176 704 448 64 64 64 
mapchip 2240 704 448 64 64 64 
mapchip 2304 704 448 64 64 64 
mapchip 2176 768 448 64 64 64 
mapchip 2240 768 448 64 64 64 
mapchip 2304 768 448 64 64 64 
mapchip 2176 832 448 64 64 64 
mapchip 2240 832 448 64 64 64 
mapchip 2304 832 448 64 64 64 
mapchip 2176 896 448 64 64 64 
mapchip 2240 896 448 64 64 64 
mapchip 2304 896 448 64 64 64 
mapchip 2112 768 448 64 64 64 
mapchip 2112 832 448 64 64 64 
mapchip 2112 896 448 64 64 64 
mapchip 2176 640 512 0 64 64 
mapchip 2240 640 512 0 64 64 
mapchip 2112 704 448 64 64 64 
mapchip 128 448 512 256 64 64 
mapchip 128 512 512 256 64 64 
mapchip 128 576 512 256 64 64 
mapchip 576 576 0 64 64 64 
mapchip 448 576 320 256 64 64 
mapchip 512 576 320 256 64 64 
mapchip 704 512 640 384 64 64 
mapchip 768 512 640 384 64 64 
mapchip 832 512 640 384 64 64 
mapchip 896 512 640 384 64 64 
mapchip 960 512 640 384 64 64 
mapchip 1024 512 640 384 64 64 
mapchip 1216 512 704 384 64 64 
mapchip 1216 576 704 448 64 64 
mapchip 1280 576 704 384 64 64 
mapchip 1472 512 704 384 64 64 
mapchip 1472 576 704 448 64 64 
mapchip 1536 576 704 384 64 64 
mapchip 1920 576 0 64 64 64 
mapchip 1984 576 0 64 64 64 
mapchip 128 384 512 640 64 64 
object 2272 576 608 1056 32 32 downtown2.txt,0,384
object 2272 608 608 1088 32 32 downtown2.txt,0,384
object 0 576 608 1056 32 32 downtown1.txt,2912,448
object 0 608 608 1088 32 32 downtown1.txt,2912,448
object 1088 576 288 896 32 32 
object 352 576 0 1024 32 32 
object 768 608 0 544 32 32 
object 864 608 0 544 32 32 
object 960 608 0 544 32 32 
object 1056 608 0 544 32 32 
object 1344 416 0 544 32 32 
object 1824 576 96 640 32 32 
object 1984 512 96 640 32 32 
billboard 1440 512 128 256 64 128 0.6 1 images\buildings.bmp
billboard 1600 512 128 256 64 128 0.6 1 images\buildings.bmp
billboard 1632 544 128 256 64 128 0.6 1 images\buildings.bmp
billboard 1632 544 128 256 64 128 0.6 1 images\buildings.bmp
billboard 1760 544 128 256 64 128 0.6 1 images\buildings.bmp
billboard 1184 544 128 256 64 128 0.6 1 images\buildings.bmp
