name noname
width 36
height 20
background cave
bg_image_width 640
bg_image_height 480
bg_offset_x 0
bg_offset_y 0
bg_x_min -999999
bg_x_max 999999
bg_y_min -999999
bg_y_max 999999
bg_translate_rate_x 0.2
bg_translate_rate_y 0
bgm city.mp3 0
mapchip 1792 0 256 0 64 64 
mapchip 1856 0 256 0 64 64 
mapchip 1920 0 256 0 64 64 
mapchip 1984 0 256 0 64 64 
mapchip 2048 0 256 0 64 64 
mapchip 2112 0 256 0 64 64 
mapchip 2176 0 256 0 64 64 
mapchip 2240 0 256 0 64 64 
mapchip 1792 64 256 0 64 64 
mapchip 1856 64 256 0 64 64 
mapchip 1920 64 256 0 64 64 
mapchip 1984 64 256 0 64 64 
mapchip 2048 64 256 0 64 64 
mapchip 2112 64 256 0 64 64 
mapchip 2176 64 256 0 64 64 
mapchip 2240 64 256 0 64 64 
mapchip 2240 128 256 0 64 64 
mapchip 2240 192 256 0 64 64 
mapchip 2240 256 256 0 64 64 
mapchip 2240 320 256 0 64 64 
mapchip 2176 256 256 64 64 64 
mapchip 2112 256 256 64 64 64 
mapchip 1984 320 256 64 64 64 
mapchip 2048 320 256 64 64 64 
mapchip 1856 256 256 64 64 64 
mapchip 1920 256 256 64 64 64 
mapchip 1792 128 256 0 64 64 
mapchip 1728 256 256 64 64 64 
mapchip 1792 256 256 64 64 64 
mapchip 1664 0 256 0 64 64 
mapchip 1728 0 256 0 64 64 
mapchip 1664 64 256 0 64 64 
mapchip 1728 64 256 0 64 64 
mapchip 1664 128 256 0 64 64 
mapchip 1728 128 256 0 64 64 
mapchip 1664 256 256 64 64 64 
mapchip 1600 320 256 64 64 64 
mapchip 1600 0 256 0 64 64 
mapchip 1600 64 256 0 64 64 
mapchip 1600 128 256 0 64 64 
mapchip 1408 0 256 0 64 64 
mapchip 1472 0 256 0 64 64 
mapchip 1536 0 256 0 64 64 
mapchip 1408 64 256 0 64 64 
mapchip 1472 64 256 0 64 64 
mapchip 1536 64 256 0 64 64 
mapchip 1088 0 256 0 64 64 
mapchip 1152 0 256 0 64 64 
mapchip 1216 0 256 0 64 64 
mapchip 1280 0 256 0 64 64 
mapchip 1344 0 256 0 64 64 
mapchip 1088 64 256 0 64 64 
mapchip 1152 64 256 0 64 64 
mapchip 1216 64 256 0 64 64 
mapchip 1280 64 256 0 64 64 
mapchip 1344 64 256 0 64 64 
mapchip 1088 128 256 0 64 64 
mapchip 1152 128 256 0 64 64 
mapchip 1216 128 256 0 64 64 
mapchip 1280 128 256 0 64 64 
mapchip 1344 128 256 0 64 64 
mapchip 1472 448 256 64 64 64 
mapchip 1536 384 256 64 64 64 
mapchip 1664 320 256 0 64 64 
mapchip 1728 320 256 0 64 64 
mapchip 1792 320 256 0 64 64 
mapchip 1856 320 256 0 64 64 
mapchip 1920 320 256 0 64 64 
mapchip 2112 320 256 0 64 64 
mapchip 2176 320 256 0 64 64 
mapchip 1600 384 256 0 64 64 
mapchip 1664 384 256 0 64 64 
mapchip 1728 384 256 0 64 64 
mapchip 1792 384 256 0 64 64 
mapchip 1856 384 256 0 64 64 
mapchip 1920 384 256 0 64 64 
mapchip 2240 384 256 0 64 64 
mapchip 1984 384 256 0 64 64 
mapchip 2048 384 256 0 64 64 
mapchip 2112 384 256 0 64 64 
mapchip 2176 384 256 0 64 64 
mapchip 1536 448 256 0 64 64 
mapchip 1088 448 256 64 64 64 
mapchip 768 0 256 0 64 64 
mapchip 832 0 256 0 64 64 
mapchip 896 0 256 0 64 64 
mapchip 960 0 256 0 64 64 
mapchip 1024 0 256 0 64 64 
mapchip 768 64 256 0 64 64 
mapchip 832 64 256 0 64 64 
mapchip 896 64 256 0 64 64 
mapchip 960 64 256 0 64 64 
mapchip 1024 64 256 0 64 64 
mapchip 960 448 256 64 64 64 
mapchip 1024 448 256 64 64 64 
mapchip 1408 576 256 64 64 64 
mapchip 1472 576 256 64 64 64 
mapchip 1536 576 256 64 64 64 
mapchip 832 384 256 64 64 64 
mapchip 896 384 256 64 64 64 
mapchip 768 448 256 64 64 64 
mapchip 384 0 256 0 64 64 
mapchip 448 0 256 0 64 64 
mapchip 512 0 256 0 64 64 
mapchip 576 0 768 640 64 64 
mapchip 640 0 256 0 64 64 
mapchip 704 0 256 0 64 64 
mapchip 384 64 256 0 64 64 
mapchip 448 64 256 0 64 64 
mapchip 512 64 256 0 64 64 
mapchip 576 64 768 640 64 64 
mapchip 640 64 256 0 64 64 
mapchip 704 64 256 0 64 64 
mapchip 512 512 256 64 64 64 
mapchip 576 512 256 64 64 64 
mapchip 640 512 256 64 64 64 
mapchip 704 512 256 64 64 64 
mapchip 448 448 256 64 64 64 
mapchip 384 384 256 64 64 64 
mapchip 192 384 256 64 64 64 
mapchip 256 384 256 64 64 64 
mapchip 320 384 256 64 64 64 
mapchip 256 192 256 0 64 64 
mapchip 320 128 256 0 64 64 
mapchip 192 128 256 0 64 64 
mapchip 256 128 256 0 64 64 
mapchip 128 192 256 0 64 64 
mapchip 64 128 256 0 64 64 
mapchip 0 0 256 0 64 64 
mapchip 64 0 256 0 64 64 
mapchip 128 0 256 0 64 64 
mapchip 192 0 256 0 64 64 
mapchip 256 0 256 0 64 64 
mapchip 320 0 256 0 64 64 
mapchip 0 64 256 0 64 64 
mapchip 64 64 256 0 64 64 
mapchip 128 64 256 0 64 64 
mapchip 192 64 256 0 64 64 
mapchip 256 64 256 0 64 64 
mapchip 320 64 256 0 64 64 
mapchip 0 128 256 0 64 64 
mapchip 128 128 256 0 64 64 
mapchip 0 192 256 0 64 64 
mapchip 0 256 256 0 64 64 
mapchip 0 320 256 0 64 64 
mapchip 0 384 256 0 64 64 
mapchip 64 384 256 64 64 64 
mapchip 128 384 256 64 64 64 
mapchip 1600 576 256 64 64 64 
mapchip 1664 576 256 64 64 64 
mapchip 1728 576 256 64 64 64 
mapchip 1728 448 256 0 64 64 
mapchip 1856 448 256 0 64 64 
mapchip 1792 576 256 64 64 64 
mapchip 1856 576 256 64 64 64 
mapchip 1920 576 256 64 64 64 
mapchip 1664 448 256 0 64 64 
mapchip 1920 448 256 0 64 64 
mapchip 1472 384 320 256 64 64 
mapchip 1216 640 256 64 64 64 
mapchip 1280 640 256 64 64 64 
mapchip 1344 640 256 64 64 64 
mapchip 1408 640 256 0 64 64 
mapchip 1472 640 256 0 64 64 
mapchip 1536 640 256 0 64 64 
mapchip 1600 640 256 0 64 64 
mapchip 1664 640 256 0 64 64 
mapchip 1728 640 256 0 64 64 
mapchip 832 448 256 0 64 64 
mapchip 896 448 256 0 64 64 
mapchip 768 512 256 0 64 64 
mapchip 832 512 256 0 64 64 
mapchip 896 512 256 0 64 64 
mapchip 0 448 256 0 64 64 
mapchip 64 448 256 0 64 64 
mapchip 128 448 256 0 64 64 
mapchip 192 448 256 0 64 64 
mapchip 256 448 256 0 64 64 
mapchip 320 448 256 0 64 64 
mapchip 384 448 256 0 64 64 
mapchip 128 512 256 0 64 64 
mapchip 192 512 256 0 64 64 
mapchip 256 512 256 0 64 64 
mapchip 320 512 256 0 64 64 
mapchip 384 512 256 0 64 64 
mapchip 448 512 256 0 64 64 
mapchip 1152 704 256 0 64 64 
mapchip 1088 768 256 0 64 64 
mapchip 1152 768 256 0 64 64 
mapchip 1216 704 256 0 64 64 
mapchip 1280 704 256 0 64 64 
mapchip 1344 704 256 0 64 64 
mapchip 1408 704 256 0 64 64 
mapchip 1216 768 256 0 64 64 
mapchip 1280 768 256 0 64 64 
mapchip 1344 768 256 0 64 64 
mapchip 1408 768 256 0 64 64 
mapchip 2112 448 256 0 64 64 
mapchip 1024 384 448 256 64 64 
mapchip 1088 384 448 256 64 64 
mapchip 1024 832 256 0 64 64 
mapchip 960 832 256 64 64 64 
mapchip 1984 576 256 64 64 64 
mapchip 2048 576 256 64 64 64 
mapchip 2112 576 256 64 64 64 
mapchip 2176 640 256 64 64 64 
mapchip 2240 448 256 0 64 64 
mapchip 2240 512 256 0 64 64 
mapchip 2240 576 256 0 64 64 
mapchip 2240 640 256 0 64 64 
mapchip 832 896 256 64 64 64 
mapchip 896 896 256 64 64 64 
mapchip 768 704 256 64 64 64 
mapchip 896 576 256 0 64 64 
mapchip 896 640 256 0 64 64 
mapchip 896 704 256 0 64 64 
mapchip 512 704 256 64 64 64 
mapchip 576 704 256 64 64 64 
mapchip 640 704 256 64 64 64 
mapchip 704 704 256 64 64 64 
mapchip 448 576 256 0 64 64 
mapchip 448 640 256 0 64 64 
mapchip 448 704 256 0 64 64 
mapchip 384 576 256 0 64 64 
mapchip 384 640 256 0 64 64 
mapchip 1088 832 256 0 64 64 
mapchip 960 896 256 0 64 64 
mapchip 1792 640 256 0 64 64 
mapchip 1856 640 256 0 64 64 
mapchip 1920 640 256 0 64 64 
mapchip 1984 640 256 0 64 64 
mapchip 2048 640 256 0 64 64 
mapchip 2112 640 256 0 64 64 
mapchip 640 960 256 64 64 64 
mapchip 704 960 256 64 64 64 
mapchip 768 960 256 64 64 64 
mapchip 384 896 256 64 64 64 
mapchip 448 896 256 64 64 64 
mapchip 512 896 256 64 64 64 
mapchip 576 896 256 64 64 64 
mapchip 0 512 256 0 64 64 
mapchip 64 512 256 0 64 64 
mapchip 0 576 256 0 64 64 
mapchip 64 576 256 0 64 64 
mapchip 0 640 256 0 64 64 
mapchip 64 640 256 0 64 64 
mapchip 0 704 256 0 64 64 
mapchip 64 704 256 0 64 64 
mapchip 0 768 256 0 64 64 
mapchip 64 768 256 0 64 64 
mapchip 0 832 256 0 64 64 
mapchip 0 896 256 0 64 64 
mapchip 64 896 256 0 64 64 
mapchip 128 576 256 0 64 64 
mapchip 320 960 256 64 64 64 
mapchip 256 1024 256 64 64 64 
mapchip 128 1088 256 64 64 64 
mapchip 192 1152 256 64 64 64 
mapchip 256 1152 256 64 64 64 
mapchip 320 1152 256 64 64 64 
mapchip 0 960 256 0 64 64 
mapchip 0 1024 256 0 64 64 
mapchip 64 1024 256 0 64 64 
mapchip 0 1088 256 0 64 64 
mapchip 0 1152 256 0 64 64 
mapchip 64 1152 256 0 64 64 
mapchip 0 1216 256 0 64 64 
mapchip 64 1216 256 0 64 64 
mapchip 128 1216 704 640 64 64 
mapchip 192 1216 256 0 64 64 
mapchip 256 1216 256 0 64 64 
mapchip 320 1216 256 0 64 64 
mapchip 384 1216 256 0 64 64 
mapchip 448 1216 256 0 64 64 
mapchip 512 1216 256 0 64 64 
mapchip 576 1216 256 64 64 64 
mapchip 384 1152 256 64 64 64 
mapchip 448 1152 256 0 64 64 
mapchip 512 1152 256 64 64 64 
mapchip 448 1088 256 64 64 64 
mapchip 640 1216 256 64 64 64 
mapchip 704 1216 256 64 64 64 
mapchip 768 1216 256 64 64 64 
mapchip 832 1216 256 64 64 64 
mapchip 576 960 256 0 64 64 
mapchip 832 960 256 0 64 64 
mapchip 896 1152 256 64 64 64 
mapchip 960 1088 256 64 64 64 
mapchip 896 960 256 0 64 64 
mapchip 960 960 256 0 64 64 
mapchip 1024 960 256 0 64 64 
mapchip 1088 960 256 0 64 64 
mapchip 1152 960 256 0 64 64 
mapchip 1088 896 256 0 64 64 
mapchip 1152 896 256 0 64 64 
mapchip 1216 896 256 0 64 64 
mapchip 1024 896 256 0 64 64 
mapchip 1152 832 256 0 64 64 
mapchip 1216 832 256 0 64 64 
mapchip 1280 832 256 0 64 64 
mapchip 1344 832 256 0 64 64 
mapchip 1408 832 256 0 64 64 
mapchip 960 1152 704 640 64 64 
mapchip 896 1216 256 0 64 64 
mapchip 960 1216 768 640 64 64 
mapchip 1024 1088 256 64 64 64 
mapchip 1088 1088 256 64 64 64 
mapchip 1152 1088 256 64 64 64 
mapchip 1216 1152 256 64 64 64 
mapchip 1280 1152 256 64 64 64 
mapchip 1344 1152 256 64 64 64 
mapchip 1408 1152 256 64 64 64 
mapchip 1472 1152 256 0 64 64 
mapchip 1472 704 256 0 64 64 
mapchip 1472 768 256 0 64 64 
mapchip 1472 832 256 0 64 64 
mapchip 1472 896 256 0 64 64 
mapchip 1472 960 256 0 64 64 
mapchip 1472 1024 256 0 64 64 
mapchip 1472 1088 256 0 64 64 
mapchip 1088 1152 256 0 64 64 
mapchip 1152 1152 256 0 64 64 
mapchip 1152 1216 256 0 64 64 
mapchip 1216 1216 256 0 64 64 
mapchip 1280 1216 256 0 64 64 
mapchip 1344 1216 256 0 64 64 
mapchip 1408 1216 256 0 64 64 
mapchip 1472 1216 256 0 64 64 
mapchip 1536 832 256 0 64 64 
mapchip 1536 896 256 0 64 64 
mapchip 1536 960 256 0 64 64 
mapchip 1536 1024 256 0 64 64 
mapchip 1536 1088 256 0 64 64 
mapchip 1536 1152 256 0 64 64 
mapchip 1536 1216 256 0 64 64 
mapchip 1536 704 256 0 64 64 
mapchip 1536 768 256 0 64 64 
mapchip 1152 640 256 64 64 64 
mapchip 1088 704 256 64 64 64 
mapchip 1024 768 256 64 64 64 
mapchip 1216 192 256 0 64 64 
mapchip 1280 192 256 0 64 64 
mapchip 1280 256 256 0 64 64 
mapchip 1408 128 256 0 64 64 
mapchip 1344 192 256 0 64 64 
mapchip 512 128 256 0 64 64 
mapchip 576 128 768 640 64 64 
mapchip 640 128 256 0 64 64 
mapchip 512 192 256 0 64 64 
mapchip 576 192 768 640 64 64 
mapchip 640 192 256 0 64 64 
mapchip 512 256 256 0 64 64 
mapchip 576 256 768 640 64 64 
mapchip 640 256 256 0 64 64 
mapchip 704 128 256 0 64 64 
mapchip 768 128 256 0 64 64 
mapchip 704 192 256 0 64 64 
mapchip 768 192 256 0 64 64 
mapchip 192 576 256 0 64 64 
mapchip 192 640 256 0 64 64 
mapchip 128 640 256 0 64 64 
mapchip 128 704 256 0 64 64 
mapchip 1408 896 256 0 64 64 
mapchip 1024 1152 256 0 64 64 
mapchip 576 320 768 448 64 64 
mapchip 576 384 768 448 64 64 
mapchip 576 448 768 448 64 64 
mapchip 640 1152 256 128 64 64 
mapchip 832 1152 256 128 64 64 
mapchip 2048 512 256 128 64 64 
mapchip 1216 576 256 128 64 64 
mapchip 704 896 256 128 64 64 
mapchip 64 1088 256 0 64 64 
object 1280 480 0 864 32 32 180,0,dt5s1
object 2208 192 608 1056 32 32 downtown4.txt,128,768
object 2208 224 608 1088 32 32 downtown4.txt,128,768
object 832 704 544 544 32 32 
object 864 704 544 544 32 32 
object 864 672 320 512 32 32 
object 960 576 256 544 32 32 dt5s2
object 992 1024 512 992 32 32 dt5s3
object 896 640 480 1024 32 32 dt5s2
object 1792 192 416 512 32 32 
object 1792 224 416 512 32 32 
object 1664 192 416 512 32 32 
object 1664 224 416 512 32 32 
object 1760 224 352 1120 32 32 
object 1696 224 352 1120 32 32 
object 1920 224 352 1120 32 32 
object 2016 544 384 704 32 32 
object 1632 544 352 1152 32 32 
object 1760 544 352 1152 32 32 
object 832 672 544 928 32 32 
object 704 672 352 1152 32 32 
object 480 864 352 1120 32 32 
object 608 864 352 1120 32 32 
object 320 1088 96 640 32 32 
object 256 352 352 1120 32 32 
object 160 320 416 512 32 32 
object 160 352 416 512 32 32 
object 192 352 352 1120 32 32 
object 800 1184 480 704 32 32 
object 1408 1120 192 544 32 32 dt5s1
object 1344 1120 608 512 32 32 22
object 64 320 608 1056 32 32 downtown6.txt,0,384
object 64 352 608 1088 32 32 downtown6.txt,0,384
object 2208 608 256 928 32 32 dtmpc
object 512 672 608 512 32 32 12
object 608 480 192 544 32 32 dt11s1
object 128 288 416 512 32 32 
object 128 320 416 512 32 32 
object 128 352 416 512 32 32 
object 320 288 416 512 32 32 
object 320 320 416 512 32 32 
object 352 320 416 512 32 32 
object 320 352 416 512 32 32 
object 352 352 416 512 32 32 
object 160 1152 192 544 32 32 dt5s3
object 160 1184 416 512 32 32 
object 1248 1120 288 800 32 32 
