name noname
width 36
height 12
background downtown
bg_image_width 640
bg_image_height 480
bg_offset_x 0
bg_offset_y 0
bg_x_min -999999
bg_x_max 999999
bg_y_min -999999
bg_y_max 999999
bg_translate_rate_x 0
bg_translate_rate_y 0.2
bgm city.mp3 0
mapchip 0 512 512 0 64 64 
mapchip 64 704 448 0 64 64 
mapchip 0 576 448 64 64 64 
mapchip 0 640 448 64 64 64 
mapchip 0 704 448 64 64 64 
mapchip 128 576 448 64 64 64 
mapchip 128 640 448 64 64 64 
mapchip 128 704 448 64 64 64 
mapchip 128 448 512 0 64 64 
mapchip 128 512 448 64 64 64 
mapchip 192 448 512 0 64 64 
mapchip 256 448 512 0 64 64 
mapchip 320 448 512 0 64 64 
mapchip 384 448 512 0 64 64 
mapchip 128 384 320 256 64 64 
mapchip 448 384 512 0 64 64 
mapchip 512 384 512 0 64 64 
mapchip 576 448 512 0 64 64 
mapchip 640 448 512 0 64 64 
mapchip 704 448 512 0 64 64 
mapchip 768 448 512 0 64 64 
mapchip 832 384 512 0 64 64 
mapchip 896 384 512 0 64 64 
mapchip 960 384 512 0 64 64 
mapchip 1024 448 512 0 64 64 
mapchip 1088 448 512 0 64 64 
mapchip 1152 448 512 0 64 64 
mapchip 1216 448 512 0 64 64 
mapchip 1280 448 512 0 64 64 
mapchip 1344 448 512 0 64 64 
mapchip 1408 448 512 0 64 64 
mapchip 1472 448 512 0 64 64 
mapchip 1536 448 512 0 64 64 
mapchip 1600 448 512 0 64 64 
mapchip 1664 448 512 0 64 64 
mapchip 1728 448 512 0 64 64 
mapchip 1792 448 512 0 64 64 
mapchip 1856 448 512 0 64 64 
mapchip 1920 448 512 0 64 64 
mapchip 1984 448 512 0 64 64 
mapchip 2048 448 512 0 64 64 
mapchip 2112 448 448 64 64 64 
mapchip 2176 448 448 64 64 64 
mapchip 2240 448 448 64 64 64 
mapchip 192 512 448 64 64 64 
mapchip 256 512 448 64 64 64 
mapchip 320 512 512 64 64 64 
mapchip 384 512 448 64 64 64 
mapchip 448 512 448 64 64 64 
mapchip 512 512 448 64 64 64 
mapchip 192 576 448 64 64 64 
mapchip 256 576 448 64 64 64 
mapchip 320 576 448 64 64 64 
mapchip 384 576 448 64 64 64 
mapchip 448 576 448 64 64 64 
mapchip 512 576 448 64 64 64 
mapchip 192 640 448 64 64 64 
mapchip 256 640 448 64 64 64 
mapchip 320 640 448 64 64 64 
mapchip 384 640 448 64 64 64 
mapchip 448 640 448 64 64 64 
mapchip 512 640 448 64 64 64 
mapchip 192 704 448 64 64 64 
mapchip 256 704 448 64 64 64 
mapchip 320 704 448 64 64 64 
mapchip 384 704 448 64 64 64 
mapchip 448 704 448 64 64 64 
mapchip 512 704 448 64 64 64 
mapchip 192 768 448 64 64 64 
mapchip 256 768 448 64 64 64 
mapchip 320 768 448 64 64 64 
mapchip 384 768 448 64 64 64 
mapchip 448 768 448 64 64 64 
mapchip 512 768 448 64 64 64 
mapchip 448 448 448 64 64 64 
mapchip 512 448 448 64 64 64 
mapchip 320 192 512 640 64 64 
mapchip 320 256 512 256 64 64 
mapchip 320 320 512 256 64 64 
mapchip 320 384 512 256 64 64 
mapchip 832 448 448 64 64 64 
mapchip 896 448 448 64 64 64 
mapchip 960 448 448 64 64 64 
mapchip 576 512 448 64 64 64 
mapchip 640 512 448 64 64 64 
mapchip 704 512 448 64 64 64 
mapchip 768 512 448 64 64 64 
mapchip 832 512 448 64 64 64 
mapchip 896 512 448 64 64 64 
mapchip 960 512 448 64 64 64 
mapchip 1024 512 512 64 64 64 
mapchip 576 576 448 64 64 64 
mapchip 640 576 448 64 64 64 
mapchip 704 576 448 64 64 64 
mapchip 768 576 448 64 64 64 
mapchip 832 576 448 64 64 64 
mapchip 896 576 448 64 64 64 
mapchip 960 576 448 64 64 64 
mapchip 1024 576 448 64 64 64 
mapchip 576 640 448 64 64 64 
mapchip 640 640 448 64 64 64 
mapchip 704 640 512 64 64 64 
mapchip 768 640 448 64 64 64 
mapchip 832 640 448 64 64 64 
mapchip 896 640 448 64 64 64 
mapchip 960 640 448 64 64 64 
mapchip 1024 640 448 64 64 64 
mapchip 576 704 448 64 64 64 
mapchip 640 704 448 64 64 64 
mapchip 704 704 448 64 64 64 
mapchip 768 704 448 64 64 64 
mapchip 832 704 448 64 64 64 
mapchip 896 704 448 64 64 64 
mapchip 960 704 448 64 64 64 
mapchip 1024 704 448 64 64 64 
mapchip 576 768 448 64 64 64 
mapchip 640 768 448 64 64 64 
mapchip 704 768 448 64 64 64 
mapchip 768 768 448 64 64 64 
mapchip 832 768 448 64 64 64 
mapchip 896 768 448 64 64 64 
mapchip 960 768 448 64 64 64 
mapchip 1024 768 448 64 64 64 
mapchip 1088 512 448 64 64 64 
mapchip 1152 512 448 64 64 64 
mapchip 1216 512 448 64 64 64 
mapchip 1280 512 448 64 64 64 
mapchip 1344 512 448 64 64 64 
mapchip 1088 576 448 64 64 64 
mapchip 1152 576 448 64 64 64 
mapchip 1216 576 448 64 64 64 
mapchip 1280 576 448 64 64 64 
mapchip 1344 576 448 64 64 64 
mapchip 1088 640 448 64 64 64 
mapchip 1152 640 448 64 64 64 
mapchip 1216 640 448 64 64 64 
mapchip 1280 640 448 64 64 64 
mapchip 1344 640 448 64 64 64 
mapchip 1088 704 448 64 64 64 
mapchip 1152 704 448 64 64 64 
mapchip 1216 704 448 64 64 64 
mapchip 1280 704 448 64 64 64 
mapchip 1344 704 448 64 64 64 
mapchip 1408 512 448 64 64 64 
mapchip 1472 512 448 64 64 64 
mapchip 1536 512 448 64 64 64 
mapchip 1600 512 448 64 64 64 
mapchip 1664 512 448 64 64 64 
mapchip 1728 512 448 64 64 64 
mapchip 1792 512 448 64 64 64 
mapchip 1408 576 512 64 64 64 
mapchip 1472 576 448 64 64 64 
mapchip 1536 576 448 64 64 64 
mapchip 1600 576 448 64 64 64 
mapchip 1664 576 448 64 64 64 
mapchip 1728 576 448 64 64 64 
mapchip 1792 576 448 64 64 64 
mapchip 1856 512 448 64 64 64 
mapchip 1920 512 448 64 64 64 
mapchip 1984 512 448 64 64 64 
mapchip 2048 512 448 64 64 64 
mapchip 2112 512 448 64 64 64 
mapchip 2176 512 448 64 64 64 
mapchip 2240 512 448 64 64 64 
mapchip 1856 576 448 64 64 64 
mapchip 1920 576 512 64 64 64 
mapchip 1984 576 448 64 64 64 
mapchip 2048 576 448 64 64 64 
mapchip 2112 576 448 64 64 64 
mapchip 2176 576 448 64 64 64 
mapchip 2240 576 448 64 64 64 
mapchip 2112 384 448 128 64 64 
mapchip 2176 384 448 0 64 64 
mapchip 2240 384 448 0 64 64 
mapchip 2112 320 448 256 64 64 
mapchip 2176 320 448 256 64 64 
mapchip 2240 320 448 256 64 64 
mapchip 1920 384 576 256 64 64 
mapchip 1984 384 576 256 64 64 
mapchip 2048 384 576 256 64 64 
mapchip 1344 384 576 256 64 64 
mapchip 1408 384 576 256 64 64 
mapchip 1024 192 512 640 64 64 
mapchip 1024 256 512 256 64 64 
mapchip 1024 320 512 256 64 64 
mapchip 1024 384 512 256 64 64 
object 96 672 320 512 32 32 
object 64 640 608 1056 32 32 downtown7.txt,800,128
object 64 672 608 1088 32 32 downtown7.txt,800,128
object 288 384 96 640 32 32 
object 512 320 96 640 32 32 
object 640 384 96 640 32 32 
object 1440 384 0 768 32 32 
object 1600 384 0 1152 32 32 
object 1888 384 96 640 32 32 
object 2016 384 96 640 32 32 
object 2272 320 608 1056 32 32 downtown9.txt,0,256
object 2272 352 608 1088 32 32 downtown9.txt,0,256
object 1696 384 608 1056 32 32 building4.txt,160,256
object 1696 416 608 1088 32 32 building4.txt,160,256
billboard 1632 256 0 288 128 224 1.0 1 images\buildings.bmp
billboard 1504 352 128 256 64 128 1.0 1 images\buildings.bmp
billboard 1760 352 128 256 64 128 1.0 1 images\buildings.bmp
billboard 1312 384 128 256 64 128 1.0 1 images\buildings.bmp
