name noname
width 64
height 12
background downtown
bg_image_width 640
bg_image_height 480
bg_offset_x 0
bg_offset_y 0
bg_x_min -999999
bg_x_max 999999
bg_y_min 0
bg_y_max 999999
bg_translate_rate_x 0
bg_translate_rate_y 0.2
bgm city.mp3 0
mapchip 0 448 512 0 64 64 
mapchip 64 448 512 0 64 64 
mapchip 128 448 512 0 64 64 
mapchip 192 448 512 0 64 64 
mapchip 192 384 320 256 64 64 
mapchip 320 128 832 320 64 64 
mapchip 384 128 832 320 64 64 
mapchip 448 192 832 320 64 64 
mapchip 512 256 512 0 64 64 
mapchip 576 256 512 0 64 64 
mapchip 640 256 512 0 64 64 
mapchip 704 256 512 0 64 64 
mapchip 768 256 512 0 64 64 
mapchip 832 256 512 0 64 64 
mapchip 896 256 512 0 64 64 
mapchip 320 192 0 64 64 64 
mapchip 384 192 0 64 64 64 
mapchip 320 256 0 64 64 64 
mapchip 320 320 0 64 64 64 
mapchip 320 384 0 64 64 64 
mapchip 384 256 448 64 64 64 
mapchip 448 256 448 64 64 64 
mapchip 384 320 448 64 64 64 
mapchip 448 320 512 64 64 64 
mapchip 384 384 448 64 64 64 
mapchip 448 384 448 64 64 64 
mapchip 0 512 448 64 64 64 
mapchip 64 512 448 64 64 64 
mapchip 128 512 448 64 64 64 
mapchip 192 512 448 64 64 64 
mapchip 0 576 448 64 64 64 
mapchip 64 576 512 64 64 64 
mapchip 128 576 448 64 64 64 
mapchip 192 576 448 64 64 64 
mapchip 0 640 448 64 64 64 
mapchip 64 640 448 64 64 64 
mapchip 128 640 448 64 64 64 
mapchip 192 640 448 64 64 64 
mapchip 0 704 448 64 64 64 
mapchip 64 704 448 64 64 64 
mapchip 128 704 448 64 64 64 
mapchip 192 704 448 64 64 64 
mapchip 320 448 448 64 64 64 
mapchip 320 512 448 64 64 64 
mapchip 256 640 448 0 64 64 
mapchip 320 640 448 0 64 64 
mapchip 384 640 448 0 64 64 
mapchip 256 704 448 64 64 64 
mapchip 320 704 448 64 64 64 
mapchip 384 704 448 64 64 64 
mapchip 384 448 448 64 64 64 
mapchip 448 448 448 64 64 64 
mapchip 512 448 448 64 64 64 
mapchip 384 512 448 64 64 64 
mapchip 448 512 448 64 64 64 
mapchip 512 512 448 64 64 64 
mapchip 512 320 448 64 64 64 
mapchip 576 320 448 64 64 64 
mapchip 640 320 448 64 64 64 
mapchip 704 320 448 64 64 64 
mapchip 768 320 448 64 64 64 
mapchip 832 320 448 64 64 64 
mapchip 512 384 448 64 64 64 
mapchip 576 384 448 64 64 64 
mapchip 640 384 448 64 64 64 
mapchip 704 384 448 64 64 64 
mapchip 768 384 448 64 64 64 
mapchip 832 384 448 64 64 64 
mapchip 896 320 448 64 64 64 
mapchip 896 384 448 64 64 64 
mapchip 640 448 448 64 64 64 
mapchip 896 448 448 64 64 64 
mapchip 768 512 448 256 64 64 
mapchip 832 512 448 256 64 64 
mapchip 576 448 448 64 64 64 
mapchip 576 512 448 64 64 64 
mapchip 448 704 448 0 64 64 
mapchip 512 704 448 0 64 64 
mapchip 576 704 448 64 64 64 
mapchip 640 704 448 64 64 64 
mapchip 576 640 448 0 64 64 
mapchip 640 640 448 0 64 64 
mapchip 704 640 448 0 64 64 
mapchip 704 704 512 64 64 64 
mapchip 768 576 448 128 64 64 
mapchip 768 640 448 64 64 64 
mapchip 768 704 448 64 64 64 
mapchip 832 576 448 0 64 64 
mapchip 896 576 448 0 64 64 
mapchip 832 704 448 64 64 64 
mapchip 896 704 448 64 64 64 
mapchip 960 704 448 64 64 64 
mapchip 896 640 448 64 64 64 
mapchip 960 640 448 64 64 64 
mapchip 1024 640 448 64 64 64 
mapchip 1024 704 448 64 64 64 
mapchip 832 640 448 64 64 64 
mapchip 960 256 512 0 64 64 
mapchip 1024 256 512 0 64 64 
mapchip 1088 256 512 0 64 64 
mapchip 1152 256 512 0 64 64 
mapchip 960 576 448 0 64 64 
mapchip 1024 576 448 0 64 64 
mapchip 1088 576 448 0 64 64 
mapchip 960 320 448 64 64 64 
mapchip 1024 320 448 64 64 64 
mapchip 1088 320 448 64 64 64 
mapchip 1152 320 448 64 64 64 
mapchip 1216 320 448 64 64 64 
mapchip 960 384 448 64 64 64 
mapchip 1024 384 448 64 64 64 
mapchip 1088 384 448 64 64 64 
mapchip 1152 384 448 64 64 64 
mapchip 1216 384 448 64 64 64 
mapchip 1024 512 256 128 64 64 
mapchip 960 448 448 64 64 64 
mapchip 1152 448 448 64 64 64 
mapchip 1216 448 448 64 64 64 
mapchip 1088 640 448 64 64 64 
mapchip 1088 704 448 64 64 64 
mapchip 1152 640 448 64 64 64 
mapchip 1216 640 448 0 64 64 
mapchip 1280 640 448 0 64 64 
mapchip 1152 576 512 128 64 64 
mapchip 1344 640 448 0 64 64 
mapchip 1408 640 448 0 64 64 
mapchip 1152 704 448 64 64 64 
mapchip 1216 704 448 64 64 64 
mapchip 1280 704 448 64 64 64 
mapchip 1344 704 448 64 64 64 
mapchip 1408 704 448 64 64 64 
mapchip 1280 320 512 64 64 64 
mapchip 1344 320 448 64 64 64 
mapchip 1408 320 448 64 64 64 
mapchip 1472 320 448 64 64 64 
mapchip 1536 320 448 64 64 64 
mapchip 1600 320 448 64 64 64 
mapchip 1280 384 448 64 64 64 
mapchip 1344 384 448 64 64 64 
mapchip 1408 384 448 64 64 64 
mapchip 1472 384 448 64 64 64 
mapchip 1536 384 448 64 64 64 
mapchip 1600 384 448 64 64 64 
mapchip 1216 576 320 256 64 64 
mapchip 1280 448 448 64 64 64 
mapchip 1344 448 448 64 64 64 
mapchip 1408 448 448 64 64 64 
mapchip 1472 448 448 64 64 64 
mapchip 1536 448 448 64 64 64 
mapchip 1600 448 448 64 64 64 
mapchip 1472 640 448 0 64 64 
mapchip 1536 640 448 0 64 64 
mapchip 1600 640 448 0 64 64 
mapchip 1664 640 448 0 64 64 
mapchip 1472 704 448 64 64 64 
mapchip 1536 704 448 64 64 64 
mapchip 1600 704 448 64 64 64 
mapchip 1664 704 448 64 64 64 
mapchip 1728 704 448 64 64 64 
mapchip 1664 320 448 64 64 64 
mapchip 1728 320 448 64 64 64 
mapchip 1856 320 448 64 64 64 
mapchip 1920 320 448 64 64 64 
mapchip 1984 320 448 64 64 64 
mapchip 1664 384 448 64 64 64 
mapchip 1728 384 448 64 64 64 
mapchip 1664 448 448 64 64 64 
mapchip 1728 448 448 64 64 64 
mapchip 1856 448 448 0 64 64 
mapchip 1920 448 448 0 64 64 
mapchip 1984 448 448 0 64 64 
mapchip 1728 640 448 0 64 64 
mapchip 1792 640 448 0 64 64 
mapchip 1856 640 448 0 64 64 
mapchip 1920 640 448 0 64 64 
mapchip 1792 704 448 64 64 64 
mapchip 1856 704 448 64 64 64 
mapchip 1920 704 448 64 64 64 
mapchip 1984 704 448 64 64 64 
mapchip 1984 640 448 0 64 64 
mapchip 2048 640 448 0 64 64 
mapchip 2048 448 448 0 64 64 
mapchip 2112 448 448 0 64 64 
mapchip 2048 320 448 64 64 64 
mapchip 2112 320 448 64 64 64 
mapchip 2048 704 448 64 64 64 
mapchip 2112 704 448 64 64 64 
mapchip 2176 704 448 64 64 64 
mapchip 2176 512 448 64 64 64 
mapchip 2176 576 448 64 64 64 
mapchip 2176 640 448 64 64 64 
mapchip 2176 320 448 64 64 64 
mapchip 2176 448 512 128 64 64 
mapchip 1216 192 0 64 64 64 
mapchip 1280 192 512 0 64 64 
mapchip 1344 192 512 0 64 64 
mapchip 1408 192 512 0 64 64 
mapchip 1472 192 512 0 64 64 
mapchip 1536 192 512 0 64 64 
mapchip 1600 192 512 0 64 64 
mapchip 1216 256 448 64 64 64 
mapchip 1280 256 448 64 64 64 
mapchip 1344 256 448 64 64 64 
mapchip 1408 256 448 64 64 64 
mapchip 1472 256 448 64 64 64 
mapchip 1536 256 448 64 64 64 
mapchip 1600 256 448 64 64 64 
mapchip 2112 640 448 0 64 64 
mapchip 1664 192 512 0 64 64 
mapchip 1728 192 512 0 64 64 
mapchip 1664 256 448 64 64 64 
mapchip 1728 256 448 64 64 64 
mapchip 1792 192 512 0 64 64 
mapchip 1856 192 512 0 64 64 
mapchip 1920 192 512 0 64 64 
mapchip 1792 256 448 64 64 64 
mapchip 1856 256 448 64 64 64 
mapchip 1920 256 448 64 64 64 
mapchip 1984 192 512 0 64 64 
mapchip 2048 192 512 0 64 64 
mapchip 2112 192 512 0 64 64 
mapchip 2176 192 512 0 64 64 
mapchip 2048 256 448 64 64 64 
mapchip 2112 256 448 64 64 64 
mapchip 2176 256 448 64 64 64 
mapchip 1984 256 448 64 64 64 
mapchip 2240 512 512 128 64 64 
mapchip 2304 576 448 0 64 64 
mapchip 2368 576 448 0 64 64 
mapchip 2432 576 448 0 64 64 
mapchip 2496 576 448 0 64 64 
mapchip 2240 576 448 64 64 64 
mapchip 2240 640 448 64 64 64 
mapchip 2240 704 448 64 64 64 
mapchip 2304 640 512 64 64 64 
mapchip 2304 704 448 64 64 64 
mapchip 2368 704 448 64 64 64 
mapchip 2432 704 448 64 64 64 
mapchip 2496 704 448 64 64 64 
mapchip 2368 640 448 64 64 64 
mapchip 2432 640 448 64 64 64 
mapchip 2496 640 448 64 64 64 
mapchip 2240 256 512 0 64 64 
mapchip 2304 256 512 0 64 64 
mapchip 2368 256 512 0 64 64 
mapchip 2432 256 512 0 64 64 
mapchip 2496 256 512 0 64 64 
mapchip 2560 256 512 0 64 64 
mapchip 2240 320 448 64 64 64 
mapchip 2304 320 448 64 64 64 
mapchip 2368 320 448 64 64 64 
mapchip 2432 320 448 64 64 64 
mapchip 2496 320 448 64 64 64 
mapchip 2560 320 448 64 64 64 
mapchip 2368 448 192 64 64 64 
mapchip 2432 448 192 64 64 64 
mapchip 2496 448 192 64 64 64 
mapchip 2560 448 192 64 64 64 
mapchip 2432 512 448 256 64 64 
mapchip 2496 512 448 256 64 64 
mapchip 2560 512 448 256 64 64 
mapchip 2560 576 448 0 64 64 
mapchip 2624 576 448 0 64 64 
mapchip 2688 576 448 0 64 64 
mapchip 2752 576 448 0 64 64 
mapchip 2560 640 448 64 64 64 
mapchip 2624 640 448 64 64 64 
mapchip 2688 640 448 64 64 64 
mapchip 2752 640 448 64 64 64 
mapchip 2560 704 448 64 64 64 
mapchip 2624 704 448 64 64 64 
mapchip 2688 704 448 64 64 64 
mapchip 2752 704 448 64 64 64 
mapchip 2816 512 448 128 64 64 
mapchip 2880 448 448 128 64 64 
mapchip 2624 256 512 0 64 64 
mapchip 2688 256 512 0 64 64 
mapchip 2816 192 448 64 64 64 
mapchip 2880 192 448 64 64 64 
mapchip 2944 192 448 64 64 64 
mapchip 2816 128 832 320 64 64 
mapchip 2880 128 832 320 64 64 
mapchip 2944 128 832 320 64 64 
mapchip 2752 192 0 64 64 64 
mapchip 2752 0 0 64 64 64 
mapchip 2816 0 0 64 64 64 
mapchip 2880 0 0 64 64 64 
mapchip 2944 0 0 64 64 64 
mapchip 3008 0 0 64 64 64 
mapchip 3072 192 0 64 64 64 
mapchip 3008 128 832 320 64 64 
mapchip 3008 192 448 64 64 64 
mapchip 2752 256 448 64 64 64 
mapchip 2816 256 448 64 64 64 
mapchip 2880 256 448 64 64 64 
mapchip 2944 256 448 64 64 64 
mapchip 3008 256 448 64 64 64 
mapchip 3072 256 448 64 64 64 
mapchip 2816 640 448 64 64 64 
mapchip 2880 640 448 64 64 64 
mapchip 2944 640 512 64 64 64 
mapchip 3008 640 448 64 64 64 
mapchip 2816 704 448 64 64 64 
mapchip 2880 704 448 64 64 64 
mapchip 2944 704 448 64 64 64 
mapchip 3008 704 448 64 64 64 
mapchip 2816 576 448 64 64 64 
mapchip 2880 576 448 64 64 64 
mapchip 2944 576 448 64 64 64 
mapchip 3008 576 448 64 64 64 
mapchip 3072 576 448 64 64 64 
mapchip 2880 512 448 64 64 64 
mapchip 2944 512 448 0 64 64 
mapchip 3008 512 448 64 64 64 
mapchip 3072 512 448 64 64 64 
mapchip 3136 512 448 0 64 64 
mapchip 3200 512 448 64 64 64 
mapchip 3136 576 448 64 64 64 
mapchip 3200 576 448 64 64 64 
mapchip 3072 640 448 64 64 64 
mapchip 3136 640 448 64 64 64 
mapchip 3200 640 448 64 64 64 
mapchip 3072 704 448 64 64 64 
mapchip 3136 704 448 64 64 64 
mapchip 3200 704 448 64 64 64 
mapchip 3008 768 448 64 64 64 
mapchip 3072 768 448 64 64 64 
mapchip 3136 768 448 64 64 64 
mapchip 3200 768 448 64 64 64 
mapchip 3008 448 448 128 64 64 
mapchip 3072 448 512 128 64 64 
mapchip 3200 448 448 128 64 64 
mapchip 3264 448 512 128 64 64 
mapchip 3264 512 448 64 64 64 
mapchip 3264 576 448 64 64 64 
mapchip 3264 640 448 64 64 64 
mapchip 3264 704 448 64 64 64 
mapchip 3136 256 512 0 64 64 
mapchip 3200 256 512 0 64 64 
mapchip 3264 256 512 0 64 64 
mapchip 3328 256 512 0 64 64 
mapchip 3392 256 512 0 64 64 
mapchip 3328 512 448 0 64 64 
mapchip 3392 512 448 0 64 64 
mapchip 3456 512 448 0 64 64 
mapchip 3520 512 448 0 64 64 
mapchip 3328 576 448 64 64 64 
mapchip 3392 576 448 64 64 64 
mapchip 3456 576 448 64 64 64 
mapchip 3520 576 448 64 64 64 
mapchip 3328 640 448 64 64 64 
mapchip 3392 640 448 64 64 64 
mapchip 3456 640 448 64 64 64 
mapchip 3520 640 448 64 64 64 
mapchip 3328 704 448 64 64 64 
mapchip 3392 704 448 64 64 64 
mapchip 3456 704 448 64 64 64 
mapchip 3520 704 448 64 64 64 
mapchip 3456 256 512 0 64 64 
mapchip 3520 256 512 0 64 64 
mapchip 3584 256 512 0 64 64 
mapchip 3648 192 512 0 64 64 
mapchip 3712 192 512 0 64 64 
mapchip 3776 192 512 128 64 64 
mapchip 4032 64 448 64 64 64 
mapchip 4032 128 448 64 64 64 
mapchip 4032 256 448 64 64 64 
mapchip 4032 320 448 64 64 64 
mapchip 4032 448 448 64 64 64 
mapchip 4032 512 448 64 64 64 
mapchip 4032 576 448 64 64 64 
mapchip 3584 640 448 64 64 64 
mapchip 3648 640 448 64 64 64 
mapchip 3712 640 448 64 64 64 
mapchip 3776 640 448 64 64 64 
mapchip 3840 640 448 64 64 64 
mapchip 3904 640 448 64 64 64 
mapchip 3968 640 448 64 64 64 
mapchip 4032 640 448 64 64 64 
mapchip 3584 704 448 64 64 64 
mapchip 3648 704 448 64 64 64 
mapchip 3712 704 448 64 64 64 
mapchip 3776 704 448 64 64 64 
mapchip 3840 704 448 64 64 64 
mapchip 3904 704 448 64 64 64 
mapchip 3968 704 448 64 64 64 
mapchip 4032 704 448 64 64 64 
mapchip 3584 576 448 0 64 64 
mapchip 3648 576 448 0 64 64 
mapchip 3712 576 448 0 64 64 
mapchip 3776 576 448 0 64 64 
mapchip 3840 576 448 0 64 64 
mapchip 3904 576 448 0 64 64 
mapchip 3968 576 448 0 64 64 
mapchip 3776 128 320 256 64 64 
mapchip 3712 320 192 64 64 64 
mapchip 3776 320 192 64 64 64 
mapchip 4032 0 448 128 64 64 
mapchip 2816 64 64 320 64 64 
mapchip 2880 64 64 320 64 64 
mapchip 2944 64 64 320 64 64 
mapchip 3008 64 64 320 64 64 
mapchip 1856 64 192 64 64 64 
mapchip 1792 128 448 256 64 64 
mapchip 1856 128 448 256 64 64 
mapchip 1920 128 448 256 64 64 
mapchip 1984 128 448 256 64 64 
mapchip 2048 128 448 256 64 64 
mapchip 2112 128 448 256 64 64 
mapchip 1216 128 0 64 64 64 
mapchip 3264 0 512 256 64 64 
mapchip 3264 64 512 256 64 64 
mapchip 3264 128 512 256 64 64 
mapchip 3264 192 512 256 64 64 
mapchip 1280 0 512 256 64 64 
mapchip 1280 64 512 256 64 64 
mapchip 1280 128 512 256 64 64 
mapchip 1600 64 192 64 64 64 
mapchip 1664 64 192 64 64 64 
mapchip 1728 64 192 64 64 64 
mapchip 1792 64 192 64 64 64 
mapchip 1536 64 192 64 64 64 
mapchip 3072 0 0 64 64 64 
mapchip 2368 384 192 704 64 64 
mapchip 2560 384 192 704 64 64 
mapchip 3712 256 256 704 64 64 
mapchip 3776 256 256 704 64 64 
object 0 416 608 1088 32 32 downtown15.txt,2272,576
object 0 384 608 1056 32 32 downtown15.txt,2272,576
object 256 608 320 512 32 32 
object 704 608 384 704 32 32 
object 384 608 544 928 32 32 
object 608 608 480 704 32 32 
object 1088 544 384 704 32 32 
object 1344 608 480 800 32 32 
object 1472 608 480 800 32 32 
object 1600 608 480 800 32 32 
object 1440 608 544 928 32 32 
object 1568 608 544 928 32 32 
object 2144 608 192 544 32 32 dt2s1
object 1888 608 480 800 32 32 
object 1920 608 480 800 32 32 
object 1952 608 480 800 32 32 
object 1984 608 480 800 32 32 
object 2016 608 480 800 32 32 
object 2048 608 480 800 32 32 
object 2080 608 480 800 32 32 
object 1792 384 128 512 32 32 0,1,240,dt2s1
object 3776 288 384 704 32 32 
object 4064 224 384 704 32 32 
object 4064 416 384 704 32 32 
object 3904 192 128 512 32 32 0,0.5,640
object 1952 416 544 928 32 32 
object 2080 416 544 928 32 32 
object 2400 384 416 512 32 32 
object 2432 384 416 512 32 32 
object 2400 416 416 512 32 32 
object 2432 416 416 512 32 32 
object 2464 544 352 1152 32 32 
object 2624 544 352 1152 32 32 
object 3232 416 384 704 32 32 
object 3136 480 480 704 32 32 
object 2944 480 480 704 32 32 
object 256 128 128 512 32 32 0,1,256,dt2s2
object 320 96 192 544 32 32 dt2s2
object 352 64 608 1056 32 32 downtown25.txt,0,448
object 352 96 608 1088 32 32 downtown25.txt,0,448
object 768 192 288 896 32 32 
object 992 192 384 896 32 32 
object 1280 128 288 896 32 32 
object 1568 128 384 896 32 32 
object 2464 192 192 1024 32 32 
object 2848 96 352 1152 32 32 
object 2912 96 352 1152 32 32 
object 3264 192 384 896 32 32 
object 3488 224 544 928 32 32 
object 3648 128 96 640 32 32 
object 2592 192 96 640 32 32 
object 3776 512 96 640 32 32 
object 3680 544 352 1152 32 32 
object 3872 544 352 1152 32 32 
object 2528 416 288 768 32 32 
object 1792 320 416 1248 32 32 
object 1824 320 416 1248 32 32 
object 1696 512 416 1248 32 32 
object 1728 512 416 1248 32 32 
object 3040 320 416 1248 32 32 
object 3072 320 416 1248 32 32 
object 96 416 288 800 32 32 
object 1632 96 0 544 32 32 
object 1696 96 0 544 32 32 
object 1760 96 0 544 32 32 
object 3904 288 0 544 32 32 
object 3936 416 0 544 32 32 
object 3936 224 0 544 32 32 
object 256 480 0 544 32 32 
object 256 512 0 544 32 32 
object 3712 288 288 768 32 32 card,40
