name noname
width 64
height 8
background downtown
bg_image_width 640
bg_image_height 480
bg_offset_x 0
bg_offset_y 0
bg_x_min -999999
bg_x_max 999999
bg_y_min -999999
bg_y_max 999999
bg_translate_rate_x 0
bg_translate_rate_y 0.2
bgm city.mp3 0
mapchip 0 320 512 0 64 64 
mapchip 64 320 512 0 64 64 
mapchip 128 320 512 0 64 64 
mapchip 192 320 512 0 64 64 
mapchip 256 320 512 0 64 64 
mapchip 320 320 512 0 64 64 
mapchip 128 256 0 64 64 64 
mapchip 384 320 512 0 64 64 
mapchip 448 320 512 0 64 64 
mapchip 576 320 512 0 64 64 
mapchip 640 320 512 0 64 64 
mapchip 704 320 512 0 64 64 
mapchip 768 320 512 0 64 64 
mapchip 832 320 512 0 64 64 
mapchip 896 256 320 256 64 64 
mapchip 960 256 512 0 64 64 
mapchip 0 384 448 64 64 64 
mapchip 64 384 512 64 64 64 
mapchip 128 384 448 64 64 64 
mapchip 192 384 448 64 64 64 
mapchip 256 384 448 64 64 64 
mapchip 320 384 448 64 64 64 
mapchip 384 384 448 64 64 64 
mapchip 448 384 448 64 64 64 
mapchip 512 384 448 0 64 64 
mapchip 576 384 448 64 64 64 
mapchip 640 384 512 64 64 64 
mapchip 704 384 448 64 64 64 
mapchip 768 384 448 64 64 64 
mapchip 832 384 448 64 64 64 
mapchip 256 128 192 576 64 64 
mapchip 320 128 192 576 64 64 
mapchip 384 128 192 576 64 64 
mapchip 448 128 192 576 64 64 
mapchip 512 128 192 576 64 64 
mapchip 576 128 192 576 64 64 
mapchip 640 128 192 576 64 64 
mapchip 704 128 192 576 64 64 
mapchip 64 192 576 384 64 64 
mapchip 64 256 576 448 64 64 
mapchip 896 320 512 0 64 64 
mapchip 960 320 448 64 64 64 
mapchip 896 384 448 64 64 64 
mapchip 960 384 448 64 64 64 
mapchip 1024 320 512 0 64 64 
mapchip 1088 320 512 0 64 64 
mapchip 1152 320 512 0 64 64 
mapchip 1216 320 512 0 64 64 
mapchip 1280 320 512 0 64 64 
mapchip 1408 320 512 0 64 64 
mapchip 1472 320 512 0 64 64 
mapchip 1024 384 448 64 64 64 
mapchip 1088 384 448 64 64 64 
mapchip 1152 384 448 64 64 64 
mapchip 1216 384 512 64 64 64 
mapchip 1280 384 448 64 64 64 
mapchip 1344 384 448 0 64 64 
mapchip 1408 384 448 64 64 64 
mapchip 1472 384 448 64 64 64 
mapchip 1536 384 448 64 64 64 
mapchip 1600 384 448 64 64 64 
mapchip 1664 384 448 0 64 64 
mapchip 1728 384 448 64 64 64 
mapchip 1792 384 512 64 64 64 
mapchip 1536 320 512 0 64 64 
mapchip 1600 320 512 0 64 64 
mapchip 1728 320 512 0 64 64 
mapchip 1792 320 512 0 64 64 
mapchip 1984 384 448 0 64 64 
mapchip 1856 320 512 0 64 64 
mapchip 1920 320 512 0 64 64 
mapchip 1856 384 448 64 64 64 
mapchip 1920 384 448 64 64 64 
mapchip 2048 320 512 0 64 64 
mapchip 2112 320 512 0 64 64 
mapchip 2176 320 512 0 64 64 
mapchip 2240 320 512 0 64 64 
mapchip 2048 384 448 64 64 64 
mapchip 2112 384 448 64 64 64 
mapchip 2176 384 448 64 64 64 
mapchip 2240 384 448 64 64 64 
mapchip 1088 192 512 512 64 64 
mapchip 1088 256 512 576 64 64 
mapchip 1152 192 704 192 64 64 
mapchip 1216 192 640 512 64 64 
mapchip 1280 192 704 192 64 64 
mapchip 1344 192 704 192 64 64 
mapchip 1408 192 704 192 64 64 
mapchip 1472 192 704 192 64 64 
mapchip 1536 192 704 192 64 64 
mapchip 1600 192 704 192 64 64 
mapchip 1664 192 704 192 64 64 
mapchip 1728 192 704 192 64 64 
mapchip 1792 192 704 192 64 64 
mapchip 1856 192 704 192 64 64 
mapchip 1920 192 704 192 64 64 
mapchip 1984 192 704 192 64 64 
mapchip 2048 192 704 192 64 64 
mapchip 2112 192 704 192 64 64 
mapchip 2176 192 704 192 64 64 
mapchip 2240 192 640 512 64 64 
mapchip 1216 256 704 512 64 64 
mapchip 2240 256 704 512 64 64 
mapchip 2304 320 512 0 64 64 
mapchip 2368 320 512 0 64 64 
mapchip 2432 320 512 0 64 64 
mapchip 2304 384 448 64 64 64 
mapchip 2368 384 448 64 64 64 
mapchip 2432 384 448 64 64 64 
mapchip 2496 256 448 128 64 64 
mapchip 2560 256 512 128 64 64 
mapchip 1152 128 704 448 64 64 
mapchip 1152 64 704 384 64 64 
mapchip 2496 320 448 64 64 64 
mapchip 2560 320 448 64 64 64 
mapchip 2496 384 512 64 64 64 
mapchip 2560 384 448 64 64 64 
mapchip 2624 320 512 0 64 64 
mapchip 2688 320 512 0 64 64 
mapchip 2752 320 512 0 64 64 
mapchip 2816 320 512 0 64 64 
mapchip 2880 320 512 0 64 64 
mapchip 2944 320 512 0 64 64 
mapchip 3008 320 512 0 64 64 
mapchip 3072 320 512 0 64 64 
mapchip 3136 320 512 0 64 64 
mapchip 3200 320 512 0 64 64 
mapchip 3264 320 512 0 64 64 
mapchip 3328 320 512 0 64 64 
mapchip 3392 320 512 0 64 64 
mapchip 3456 320 512 0 64 64 
mapchip 3520 320 512 0 64 64 
mapchip 3584 320 512 0 64 64 
mapchip 3648 320 512 0 64 64 
mapchip 3712 320 512 0 64 64 
mapchip 3776 320 512 0 64 64 
mapchip 3840 320 512 0 64 64 
mapchip 3904 320 512 0 64 64 
mapchip 3968 320 512 0 64 64 
mapchip 4032 320 512 0 64 64 
mapchip 2624 384 448 64 64 64 
mapchip 2688 384 448 64 64 64 
mapchip 2752 384 448 64 64 64 
mapchip 2816 384 448 64 64 64 
mapchip 2880 384 448 64 64 64 
mapchip 2944 384 448 64 64 64 
mapchip 3008 384 448 64 64 64 
mapchip 3072 384 448 64 64 64 
mapchip 3136 384 448 64 64 64 
mapchip 3200 384 448 64 64 64 
mapchip 3264 384 448 64 64 64 
mapchip 3328 384 448 64 64 64 
mapchip 3392 384 448 64 64 64 
mapchip 3456 384 448 64 64 64 
mapchip 3520 384 448 64 64 64 
mapchip 3584 384 448 64 64 64 
mapchip 3648 384 448 64 64 64 
mapchip 3712 384 448 64 64 64 
mapchip 3776 384 448 64 64 64 
mapchip 3840 384 448 64 64 64 
mapchip 3904 384 448 64 64 64 
mapchip 3968 384 448 64 64 64 
mapchip 4032 384 448 64 64 64 
mapchip 2688 128 192 576 64 64 
mapchip 2752 128 192 576 64 64 
mapchip 2816 128 192 576 64 64 
mapchip 2880 128 192 576 64 64 
mapchip 3008 128 192 576 64 64 
mapchip 3072 128 192 576 64 64 
mapchip 3136 128 192 576 64 64 
mapchip 3200 128 192 576 64 64 
mapchip 3264 128 192 576 64 64 
mapchip 3328 128 192 576 64 64 
mapchip 3456 128 192 576 64 64 
mapchip 3520 128 192 576 64 64 
mapchip 3584 128 192 576 64 64 
mapchip 3648 128 192 576 64 64 
mapchip 3840 256 0 64 64 64 
mapchip 3904 256 0 64 64 64 
mapchip 320 192 128 576 64 64 
mapchip 320 256 128 576 64 64 
mapchip 640 192 128 576 64 64 
mapchip 640 256 128 576 64 64 
mapchip 2688 192 128 576 64 64 
mapchip 2688 256 128 576 64 64 
mapchip 2880 192 128 576 64 64 
mapchip 2880 256 128 576 64 64 
mapchip 3072 192 128 576 64 64 
mapchip 3072 256 128 576 64 64 
mapchip 3264 192 128 576 64 64 
mapchip 3264 256 128 576 64 64 
mapchip 3456 192 128 576 64 64 
mapchip 3456 256 128 576 64 64 
mapchip 3648 192 128 576 64 64 
mapchip 3648 256 128 576 64 64 
object 0 256 608 1056 32 32 downtown8.txt,2272,320
object 0 288 608 1088 32 32 downtown8.txt,2272,320
object 4064 256 608 1056 32 32 boss_room4.txt,0,448
object 4064 288 608 1088 32 32 boss_room4.txt,0,448
object 448 256 288 896 32 32 
object 1440 256 288 896 32 32 
object 3072 256 288 896 32 32 
object 3488 288 352 1152 32 32 
object 3712 288 352 1152 32 32 
object 864 256 384 896 32 32 
object 2336 256 352 1184 32 32 
object 1344 320 544 544 32 32 
object 1376 320 544 544 32 32 
