name noname
width 40
height 14
background downtown
bg_image_width 640
bg_image_height 480
bg_offset_x 0
bg_offset_y 0
bg_x_min -999999
bg_x_max 999999
bg_y_min 0
bg_y_max 999999
bg_translate_rate_x 0
bg_translate_rate_y 0.2
bgm city.mp3 0
mapchip 0 640 320 384 64 64 
mapchip 64 640 320 384 64 64 
mapchip 128 640 320 384 64 64 
mapchip 192 640 320 384 64 64 
mapchip 256 640 320 384 64 64 
mapchip 320 640 320 384 64 64 
mapchip 384 640 320 384 64 64 
mapchip 448 640 320 384 64 64 
mapchip 512 640 320 384 64 64 
mapchip 576 640 320 384 64 64 
mapchip 640 640 320 384 64 64 
mapchip 704 640 320 384 64 64 
mapchip 768 640 320 384 64 64 
mapchip 832 640 320 384 64 64 
mapchip 896 640 320 384 64 64 
mapchip 960 640 320 384 64 64 
mapchip 1024 640 320 384 64 64 
mapchip 1088 640 320 384 64 64 
mapchip 1152 640 320 384 64 64 
mapchip 1216 640 320 384 64 64 
mapchip 1280 640 320 384 64 64 
mapchip 1344 640 320 384 64 64 
mapchip 1408 640 320 384 64 64 
mapchip 1472 640 320 384 64 64 
mapchip 1536 640 320 384 64 64 
mapchip 1600 640 320 384 64 64 
mapchip 1664 640 320 384 64 64 
mapchip 1728 640 320 384 64 64 
mapchip 1792 640 320 384 64 64 
mapchip 1856 640 320 384 64 64 
mapchip 1920 640 320 384 64 64 
mapchip 1984 640 320 384 64 64 
mapchip 2048 640 320 384 64 64 
mapchip 2112 640 320 384 64 64 
mapchip 2176 640 832 320 64 64 
mapchip 2240 640 832 320 64 64 
mapchip 2304 640 832 320 64 64 
mapchip 2368 640 832 320 64 64 
mapchip 2432 640 832 320 64 64 
mapchip 2496 640 832 320 64 64 
mapchip 384 576 0 640 64 64 
mapchip 448 576 128 832 64 64 
mapchip 512 576 0 640 64 64 
mapchip 576 576 0 640 64 64 
mapchip 640 576 0 640 64 64 
mapchip 384 384 0 640 64 64 
mapchip 448 384 64 640 64 64 
mapchip 512 384 64 640 64 64 
mapchip 576 384 64 640 64 64 
mapchip 640 384 0 640 64 64 
mapchip 384 320 0 640 64 64 
mapchip 448 320 0 640 64 64 
mapchip 512 320 0 640 64 64 
mapchip 576 320 0 640 64 64 
mapchip 640 320 0 640 64 64 
mapchip 384 256 0 640 64 64 
mapchip 448 256 64 640 64 64 
mapchip 512 256 64 640 64 64 
mapchip 576 256 64 640 64 64 
mapchip 640 256 0 640 64 64 
mapchip 384 192 0 640 64 64 
mapchip 448 192 0 640 64 64 
mapchip 512 192 0 640 64 64 
mapchip 576 192 0 640 64 64 
mapchip 640 192 0 640 64 64 
mapchip 384 448 576 512 64 64 
mapchip 448 448 576 512 64 64 
mapchip 512 448 576 512 64 64 
mapchip 576 448 576 512 64 64 
mapchip 640 448 576 512 64 64 
mapchip 384 512 576 512 64 64 
mapchip 448 512 576 512 64 64 
mapchip 512 512 576 512 64 64 
mapchip 576 512 576 512 64 64 
mapchip 640 512 576 512 64 64 
mapchip 832 448 640 384 64 64 
mapchip 896 448 640 384 64 64 
mapchip 960 448 640 384 64 64 
mapchip 1024 384 128 640 64 64 
mapchip 1088 384 128 640 64 64 
mapchip 1152 384 128 640 64 64 
mapchip 1216 384 128 640 64 64 
mapchip 1280 384 128 640 64 64 
mapchip 0 704 448 64 64 64 
mapchip 64 704 448 64 64 64 
mapchip 128 704 448 64 64 64 
mapchip 192 704 448 64 64 64 
mapchip 256 704 448 64 64 64 
mapchip 320 704 448 64 64 64 
mapchip 384 704 448 64 64 64 
mapchip 448 704 448 64 64 64 
mapchip 512 704 448 64 64 64 
mapchip 576 704 448 64 64 64 
mapchip 640 704 448 64 64 64 
mapchip 704 704 448 64 64 64 
mapchip 768 704 512 64 64 64 
mapchip 832 704 448 64 64 64 
mapchip 896 704 448 64 64 64 
mapchip 0 768 448 64 64 64 
mapchip 64 768 448 64 64 64 
mapchip 128 768 448 64 64 64 
mapchip 192 768 448 64 64 64 
mapchip 256 768 448 64 64 64 
mapchip 320 768 512 64 64 64 
mapchip 384 768 448 64 64 64 
mapchip 448 768 448 64 64 64 
mapchip 512 768 448 64 64 64 
mapchip 576 768 448 64 64 64 
mapchip 640 768 448 64 64 64 
mapchip 704 768 448 64 64 64 
mapchip 768 768 448 64 64 64 
mapchip 832 768 448 64 64 64 
mapchip 896 768 448 64 64 64 
mapchip 0 832 448 64 64 64 
mapchip 64 832 448 64 64 64 
mapchip 128 832 448 64 64 64 
mapchip 192 832 448 64 64 64 
mapchip 256 832 448 64 64 64 
mapchip 320 832 448 64 64 64 
mapchip 384 832 448 64 64 64 
mapchip 448 832 448 64 64 64 
mapchip 512 832 448 64 64 64 
mapchip 576 832 448 64 64 64 
mapchip 640 832 448 64 64 64 
mapchip 704 832 448 64 64 64 
mapchip 768 832 448 64 64 64 
mapchip 832 832 448 64 64 64 
mapchip 896 832 448 64 64 64 
mapchip 960 704 448 64 64 64 
mapchip 1024 704 448 64 64 64 
mapchip 1088 704 448 64 64 64 
mapchip 1152 704 448 64 64 64 
mapchip 1216 704 448 64 64 64 
mapchip 1280 704 448 64 64 64 
mapchip 1344 704 448 64 64 64 
mapchip 1408 704 448 64 64 64 
mapchip 1472 704 448 64 64 64 
mapchip 1536 704 448 64 64 64 
mapchip 1600 704 448 64 64 64 
mapchip 1664 704 448 64 64 64 
mapchip 1728 704 896 640 64 64 
mapchip 960 768 448 64 64 64 
mapchip 1024 768 448 64 64 64 
mapchip 1088 768 448 64 64 64 
mapchip 1152 768 448 64 64 64 
mapchip 1216 768 448 64 64 64 
mapchip 1280 768 448 64 64 64 
mapchip 1344 768 512 64 64 64 
mapchip 1408 768 448 64 64 64 
mapchip 1472 768 448 64 64 64 
mapchip 1536 768 448 64 64 64 
mapchip 1600 768 448 64 64 64 
mapchip 1664 768 448 64 64 64 
mapchip 1728 768 832 640 64 64 
mapchip 960 832 448 64 64 64 
mapchip 1024 832 448 64 64 64 
mapchip 1088 832 448 64 64 64 
mapchip 1152 832 448 64 64 64 
mapchip 1216 832 448 64 64 64 
mapchip 1280 832 448 64 64 64 
mapchip 1344 832 448 64 64 64 
mapchip 1408 832 448 64 64 64 
mapchip 1472 832 448 64 64 64 
mapchip 1536 832 448 64 64 64 
mapchip 1600 832 448 64 64 64 
mapchip 1664 832 448 64 64 64 
mapchip 1728 832 832 640 64 64 
mapchip 1792 704 448 64 64 64 
mapchip 1856 704 448 64 64 64 
mapchip 1920 704 448 64 64 64 
mapchip 1984 704 448 64 64 64 
mapchip 2048 704 448 64 64 64 
mapchip 2112 704 448 64 64 64 
mapchip 2176 704 0 64 64 64 
mapchip 2240 704 0 64 64 64 
mapchip 2304 704 0 64 64 64 
mapchip 2368 704 0 64 64 64 
mapchip 2432 704 0 64 64 64 
mapchip 2496 704 0 64 64 64 
mapchip 1792 768 448 64 64 64 
mapchip 1856 768 448 64 64 64 
mapchip 1920 768 448 64 64 64 
mapchip 1984 768 448 64 64 64 
mapchip 2048 768 448 64 64 64 
mapchip 2112 768 448 64 64 64 
mapchip 2176 768 448 64 64 64 
mapchip 2240 768 448 64 64 64 
mapchip 2304 768 448 64 64 64 
mapchip 2368 768 448 64 64 64 
mapchip 2432 768 448 64 64 64 
mapchip 2496 768 448 64 64 64 
mapchip 1792 832 448 64 64 64 
mapchip 1856 832 448 64 64 64 
mapchip 1920 832 448 64 64 64 
mapchip 1984 832 448 64 64 64 
mapchip 2048 832 448 64 64 64 
mapchip 2112 832 448 64 64 64 
mapchip 2176 832 448 64 64 64 
mapchip 2240 832 448 64 64 64 
mapchip 2304 832 448 64 64 64 
mapchip 2368 832 448 64 64 64 
mapchip 2432 832 448 64 64 64 
mapchip 2496 832 448 64 64 64 
mapchip 1344 448 0 704 64 64 
mapchip 1408 448 0 704 64 64 
mapchip 1472 448 0 704 64 64 
mapchip 1536 448 0 704 64 64 
mapchip 1600 448 0 704 64 64 
mapchip 1344 512 0 704 64 64 
mapchip 1408 512 0 704 64 64 
mapchip 1472 512 0 704 64 64 
mapchip 1536 512 0 704 64 64 
mapchip 1600 512 0 704 64 64 
mapchip 1664 448 0 704 64 64 
mapchip 1664 512 0 704 64 64 
mapchip 1344 384 0 704 64 64 
mapchip 1408 384 0 704 64 64 
mapchip 1472 384 0 704 64 64 
mapchip 1536 384 0 704 64 64 
mapchip 1600 384 0 704 64 64 
mapchip 1664 384 0 704 64 64 
mapchip 1344 256 64 640 64 64 
mapchip 1408 256 64 640 64 64 
mapchip 1472 256 64 640 64 64 
mapchip 1536 256 64 640 64 64 
mapchip 1600 256 64 640 64 64 
mapchip 1664 256 64 640 64 64 
mapchip 1344 192 0 640 64 64 
mapchip 1408 192 128 832 64 64 
mapchip 1472 192 0 640 64 64 
mapchip 1536 192 0 640 64 64 
mapchip 1600 192 0 640 64 64 
mapchip 1664 192 0 640 64 64 
mapchip 1344 0 0 640 64 64 
mapchip 1408 0 0 640 64 64 
mapchip 1472 0 0 640 64 64 
mapchip 1536 0 0 640 64 64 
mapchip 1600 0 0 640 64 64 
mapchip 1664 0 0 640 64 64 
mapchip 1344 64 64 640 64 64 
mapchip 1408 64 64 640 64 64 
mapchip 1472 64 64 640 64 64 
mapchip 1536 64 64 640 64 64 
mapchip 1600 64 64 640 64 64 
mapchip 1664 64 64 640 64 64 
mapchip 1344 128 64 320 64 64 
mapchip 1408 128 64 320 64 64 
mapchip 1472 128 64 320 64 64 
mapchip 1536 128 64 320 64 64 
mapchip 1600 128 64 320 64 64 
mapchip 1664 128 64 320 64 64 
mapchip 1344 320 64 320 64 64 
mapchip 1408 320 64 320 64 64 
mapchip 1472 320 64 320 64 64 
mapchip 1536 320 64 320 64 64 
mapchip 1600 320 64 320 64 64 
mapchip 1664 320 64 320 64 64 
mapchip 960 576 128 384 64 64 
mapchip 1024 576 128 384 64 64 
mapchip 1088 576 128 384 64 64 
mapchip 1152 576 128 384 64 64 
mapchip 1216 576 128 384 64 64 
mapchip 1280 576 128 384 64 64 
mapchip 1792 384 704 384 64 64 
mapchip 1792 448 704 448 64 64 
mapchip 1792 512 704 512 64 64 
mapchip 1792 576 704 448 64 64 
mapchip 1280 192 640 384 64 64 
mapchip 1024 192 640 384 64 64 
mapchip 1088 192 640 384 64 64 
mapchip 768 192 640 384 64 64 
mapchip 832 192 640 384 64 64 
mapchip 1728 448 896 384 64 64 
mapchip 1728 512 896 448 64 64 
mapchip 1728 576 896 448 64 64 
mapchip 1344 576 576 512 64 64 
mapchip 1408 576 576 512 64 64 
mapchip 1472 576 576 512 64 64 
mapchip 1536 576 576 512 64 64 
mapchip 1600 576 576 512 64 64 
mapchip 1664 576 576 512 64 64 
mapchip 384 0 0 640 64 64 
mapchip 384 64 0 640 64 64 
mapchip 384 128 0 640 64 64 
mapchip 448 0 0 640 64 64 
mapchip 512 0 0 640 64 64 
mapchip 576 0 0 640 64 64 
mapchip 640 0 0 640 64 64 
mapchip 448 64 64 320 64 64 
mapchip 512 64 64 320 64 64 
mapchip 576 64 64 320 64 64 
mapchip 640 64 64 320 64 64 
mapchip 448 128 64 320 64 64 
mapchip 512 128 64 320 64 64 
mapchip 576 128 64 320 64 64 
mapchip 640 128 64 320 64 64 
mapchip 2240 320 64 704 64 64 
mapchip 2304 320 64 704 64 64 
mapchip 2368 320 64 704 64 64 
mapchip 2240 384 64 704 64 64 
mapchip 2304 384 64 704 64 64 
mapchip 2368 384 64 704 64 64 
mapchip 2240 448 64 704 64 64 
mapchip 2304 448 64 704 64 64 
mapchip 2368 448 64 704 64 64 
mapchip 2240 512 64 704 64 64 
mapchip 2304 512 64 704 64 64 
mapchip 2368 512 64 704 64 64 
mapchip 2240 576 64 320 64 64 
mapchip 2304 576 64 320 64 64 
mapchip 2368 576 64 320 64 64 
mapchip 2240 256 576 576 64 64 
mapchip 2304 256 192 768 64 64 
mapchip 2368 256 256 768 64 64 
mapchip 1728 384 640 384 64 64 
mapchip 2176 512 256 640 64 64 
mapchip 2112 512 256 640 64 64 
mapchip 704 192 640 384 64 64 
mapchip 896 192 640 384 64 64 
mapchip 960 192 640 384 64 64 
mapchip 1152 192 640 384 64 64 
mapchip 1216 192 640 384 64 64 
mapchip 1728 192 640 384 64 64 
mapchip 1792 192 640 384 64 64 
mapchip 1856 192 640 384 64 64 
mapchip 2432 576 64 448 64 64 
mapchip 704 128 576 576 64 64 
mapchip 768 128 576 576 64 64 
mapchip 832 128 576 576 64 64 
mapchip 896 128 576 576 64 64 
mapchip 960 128 576 576 64 64 
mapchip 1024 128 576 576 64 64 
mapchip 1088 128 576 576 64 64 
mapchip 1152 128 576 576 64 64 
mapchip 1216 128 576 576 64 64 
mapchip 1280 128 576 576 64 64 
mapchip 192 512 512 704 64 64 
mapchip 192 576 512 768 64 64 
mapchip 1984 576 512 768 64 64 
mapchip 1984 512 512 704 64 64 
object 864 576 1152 1056 32 32 
object 1152 576 0 1152 32 32 
object 2016 576 64 960 32 32 
object 0 576 608 1056 32 32 downtown10.txt,1888,512
object 0 608 608 1088 32 32 downtown10.txt,1888,512
object 2528 576 608 1056 32 32 downtown3.txt,0,192
object 2528 608 608 1088 32 32 downtown3.txt,0,192
object 736 512 0 864 32 32 
object 992 576 768 512 32 32 
object 1024 576 800 512 32 32 
object 1408 576 608 1056 32 32 building2.txt,64,1728
object 1408 608 608 1088 32 32 building2.txt,64,1728
object 2304 576 608 1056 32 32 building3.txt,96,384
object 2304 608 608 1088 32 32 building3.txt,96,384
object 2272 544 832 384 32 32 
object 2304 544 864 384 32 32 
object 2336 544 832 384 32 32 
object 2368 544 864 384 32 32 
object 1504 352 288 800 32 32 
object 544 160 576 512 32 32 54,cdt11
object 1920 320 0 864 32 32 0,0,dt11s1
object 1984 256 0 864 32 32 0,0,dt11s1
billboard 1408 576 128 256 64 128 0.6 1 images\buildings.bmp
