name noname
width 40
height 18
background forest
bg_image_width 640
bg_image_height 480
bg_offset_x 0
bg_offset_y -40
bg_x_min -999999
bg_x_max 999999
bg_y_min -80
bg_y_max 999999
bg_translate_rate_x 0
bg_translate_rate_y 0.2
bgm forest.mp3 6.27
mapchip 0 896 576 0 64 64 
mapchip 64 896 576 0 64 64 
mapchip 128 896 576 0 64 64 
mapchip 0 960 640 0 64 64 
mapchip 64 960 640 0 64 64 
mapchip 128 960 640 0 64 64 
mapchip 128 768 704 0 64 64 
mapchip 128 832 704 64 64 64 
mapchip 192 832 320 0 64 64 
mapchip 384 768 640 320 64 64 
mapchip 384 832 384 0 64 64 
mapchip 448 832 320 0 64 64 
mapchip 384 640 320 0 64 64 
mapchip 640 576 320 0 64 64 
mapchip 640 640 384 0 64 64 
mapchip 640 704 384 0 64 64 
mapchip 640 768 384 0 64 64 
mapchip 640 832 384 0 64 64 
mapchip 576 768 640 192 64 64 
mapchip 192 896 576 0 64 64 
mapchip 256 896 576 0 64 64 
mapchip 320 896 576 0 64 64 
mapchip 384 896 576 0 64 64 
mapchip 448 896 576 0 64 64 
mapchip 512 896 576 0 64 64 
mapchip 576 896 576 0 64 64 
mapchip 640 896 576 0 64 64 
mapchip 256 960 640 0 64 64 
mapchip 320 960 640 0 64 64 
mapchip 384 960 640 0 64 64 
mapchip 448 960 640 0 64 64 
mapchip 512 960 640 0 64 64 
mapchip 576 960 640 0 64 64 
mapchip 640 960 640 0 64 64 
mapchip 192 960 640 0 64 64 
mapchip 384 704 384 0 64 64 
mapchip 704 640 320 0 64 64 
mapchip 768 704 320 0 64 64 
mapchip 704 832 576 128 64 64 
mapchip 768 832 576 0 64 64 
mapchip 832 832 576 0 64 64 
mapchip 896 832 576 0 64 64 
mapchip 960 832 576 0 64 64 
mapchip 1024 832 576 0 64 64 
mapchip 1088 832 576 0 64 64 
mapchip 1152 832 576 0 64 64 
mapchip 704 896 640 0 64 64 
mapchip 768 896 640 0 64 64 
mapchip 832 896 640 0 64 64 
mapchip 896 896 640 0 64 64 
mapchip 960 896 640 0 64 64 
mapchip 1024 896 640 0 64 64 
mapchip 704 960 640 0 64 64 
mapchip 768 960 640 0 64 64 
mapchip 832 960 640 0 64 64 
mapchip 896 960 640 0 64 64 
mapchip 960 960 640 0 64 64 
mapchip 1024 960 640 0 64 64 
mapchip 704 704 384 0 64 64 
mapchip 704 768 384 0 64 64 
mapchip 768 768 384 0 64 64 
mapchip 832 768 640 256 64 64 
mapchip 1216 832 576 0 64 64 
mapchip 1280 832 576 0 64 64 
mapchip 1344 832 576 0 64 64 
mapchip 1408 832 576 0 64 64 
mapchip 960 384 320 192 64 64 
mapchip 1024 384 320 64 64 64 
mapchip 1088 384 320 64 64 64 
mapchip 1088 512 192 64 64 64 
mapchip 1152 384 320 128 64 64 
mapchip 1664 576 384 0 64 64 
mapchip 1664 640 384 0 64 64 
mapchip 1664 704 384 0 64 64 
mapchip 1664 768 384 0 64 64 
mapchip 1472 832 576 0 64 64 
mapchip 1536 832 576 0 64 64 
mapchip 1600 832 576 0 64 64 
mapchip 1664 832 576 0 64 64 
mapchip 1664 512 640 64 64 64 
mapchip 1600 640 640 192 64 64 
mapchip 1088 896 640 0 64 64 
mapchip 1152 896 640 0 64 64 
mapchip 1216 896 640 0 64 64 
mapchip 1280 896 640 0 64 64 
mapchip 1344 896 640 0 64 64 
mapchip 1088 960 640 0 64 64 
mapchip 1152 960 640 0 64 64 
mapchip 1216 960 640 0 64 64 
mapchip 1280 960 640 0 64 64 
mapchip 1344 960 640 0 64 64 
mapchip 1472 896 640 0 64 64 
mapchip 1536 896 640 0 64 64 
mapchip 1600 896 640 0 64 64 
mapchip 1664 896 640 0 64 64 
mapchip 1728 896 640 0 64 64 
mapchip 1792 896 640 0 64 64 
mapchip 1856 896 640 0 64 64 
mapchip 1920 896 640 0 64 64 
mapchip 1472 960 640 0 64 64 
mapchip 1536 960 640 0 64 64 
mapchip 1600 960 640 0 64 64 
mapchip 1664 960 640 0 64 64 
mapchip 1728 960 640 0 64 64 
mapchip 1792 960 640 0 64 64 
mapchip 1856 960 640 0 64 64 
mapchip 1920 960 640 0 64 64 
mapchip 1408 896 640 0 64 64 
mapchip 1408 960 640 0 64 64 
mapchip 1984 896 640 0 64 64 
mapchip 2048 896 640 0 64 64 
mapchip 2112 896 640 0 64 64 
mapchip 2176 896 640 0 64 64 
mapchip 2240 896 640 0 64 64 
mapchip 2304 896 640 0 64 64 
mapchip 2368 896 640 0 64 64 
mapchip 2432 896 640 0 64 64 
mapchip 1984 960 640 0 64 64 
mapchip 2048 960 640 0 64 64 
mapchip 2112 960 640 0 64 64 
mapchip 2176 960 640 0 64 64 
mapchip 2240 960 640 0 64 64 
mapchip 2304 960 640 0 64 64 
mapchip 2368 960 640 0 64 64 
mapchip 2432 960 640 0 64 64 
mapchip 1728 832 576 0 64 64 
mapchip 1792 832 576 0 64 64 
mapchip 1856 832 576 0 64 64 
mapchip 1920 832 576 0 64 64 
mapchip 1984 832 576 0 64 64 
mapchip 2048 832 576 0 64 64 
mapchip 2112 832 576 0 64 64 
mapchip 960 704 704 0 64 64 
mapchip 960 768 704 64 64 64 
mapchip 1280 704 640 64 64 64 
mapchip 1280 768 640 320 64 64 
mapchip 1088 768 448 320 64 64 
mapchip 1152 768 704 64 64 64 
mapchip 1216 768 576 320 64 64 
mapchip 1472 768 640 320 64 64 
mapchip 1536 768 512 320 64 64 
mapchip 1600 768 576 320 64 64 
mapchip 2048 384 320 192 64 64 
mapchip 2112 384 320 128 64 64 
mapchip 2176 832 576 0 64 64 
mapchip 2240 832 576 0 64 64 
mapchip 2304 832 640 0 64 64 
mapchip 2368 832 640 0 64 64 
mapchip 2432 832 640 0 64 64 
mapchip 2304 640 576 128 64 64 
mapchip 2304 704 640 0 64 64 
mapchip 2304 768 640 0 64 64 
mapchip 2368 704 640 0 64 64 
mapchip 2432 704 640 0 64 64 
mapchip 2368 768 640 0 64 64 
mapchip 2432 768 640 0 64 64 
mapchip 2496 704 640 0 64 64 
mapchip 2496 768 640 0 64 64 
mapchip 2496 832 640 0 64 64 
mapchip 2496 896 640 0 64 64 
mapchip 2368 640 576 0 64 64 
mapchip 2432 640 640 0 64 64 
mapchip 2496 640 640 0 64 64 
mapchip 2368 320 320 0 64 64 
mapchip 2368 384 640 320 64 64 
mapchip 2368 448 384 0 64 64 
mapchip 2368 512 384 0 64 64 
mapchip 2368 576 384 0 64 64 
mapchip 2496 512 576 0 64 64 
mapchip 2496 576 640 0 64 64 
mapchip 2432 512 576 128 64 64 
mapchip 2432 576 640 0 64 64 
mapchip 960 128 384 192 64 64 
mapchip 1024 128 384 128 64 64 
mapchip 1664 448 384 0 64 64 
mapchip 1664 256 320 0 64 64 
mapchip 1664 320 384 448 64 64 
mapchip 1664 384 384 576 64 64 
mapchip 1024 704 704 0 64 64 
mapchip 1024 768 704 64 64 64 
mapchip 1408 768 640 320 64 64 
mapchip 1408 704 640 64 64 64 
mapchip 1280 512 320 0 64 64 
mapchip 1408 512 320 0 64 64 
mapchip 1280 576 640 320 64 64 
mapchip 1280 640 640 64 64 64 
mapchip 1408 576 640 320 64 64 
mapchip 1408 640 640 64 64 64 
mapchip 1472 576 576 64 64 64 
mapchip 1472 640 640 64 64 64 
mapchip 1472 704 640 64 64 64 
mapchip 1344 640 640 256 64 64 
mapchip 1152 704 704 0 64 64 
object 480 704 0 864 32 32 180,0
object 512 576 0 864 32 32 180,90
object 832 448 0 864 32 32 180,0
object 800 544 128 512 32 32 1,0,210
object 0 832 608 1056 32 32 forest5.txt,2272,448
object 0 864 608 1088 32 32 forest5.txt,2272,448
object 1280 320 0 864 32 32 180,0
object 1376 256 0 864 32 32 180,90
object 1472 288 0 864 32 32 180,180
object 1568 352 128 512 32 32 0,1,210
object 1088 192 128 512 32 32 1,0,240,f6s
object 1792 384 128 512 32 32 0,1,210
object 1920 288 128 512 32 32 0,1,180
object 2048 352 384 704 32 32 
object 1920 800 384 1024 32 32 
object 2048 800 384 1024 32 32 
object 2208 800 384 1024 32 32 
object 2144 800 384 1024 32 32 
object 1056 800 480 704 32 32 
object 1280 800 480 704 32 32 
object 1152 800 384 1024 32 32 
object 288 864 384 1024 32 32 
object 1056 320 0 768 32 32 
object 2336 608 192 544 32 32 f6s
object 2528 448 608 1056 32 32 boss_room3.txt,0,512
object 2528 480 608 1088 32 32 boss_room3.txt,0,512
object 992 128 608 512 32 32 27
object 1120 480 256 928 32 32 mpc_f6
object 1728 480 128 512 32 32 0,1,300
object 1632 608 608 512 32 32 31
object 1408 576 1024 512 32 32 star3
object 1440 608 576 512 32 32 59,cstar3
object 2304 448 0 864 32 32 120,0
billboard 288 800 0 0 64 96 0.875 1 images\trees.bmp
billboard 608 800 0 0 64 96 0.875 1 images\trees.bmp
billboard 1376 736 0 0 64 96 0.875 1 images\trees.bmp
billboard 1248 736 0 0 64 96 0.875 1 images\trees.bmp
billboard 1568 736 0 0 64 96 0.875 1 images\trees.bmp
billboard 1472 736 64 0 64 96 0.875 1 images\trees.bmp
billboard 1216 736 64 0 64 96 0.875 1 images\trees.bmp
billboard 1952 736 64 0 64 96 0.875 1 images\trees.bmp
billboard 448 800 64 0 64 96 0.875 1 images\trees.bmp
billboard 1440 736 0 0 64 96 0.75 1 images\trees.bmp
billboard 1696 736 0 0 64 96 0.75 1 images\trees.bmp
billboard 1792 736 0 0 64 96 0.75 1 images\trees.bmp
billboard 1728 736 64 0 64 96 0.875 1 images\trees.bmp
billboard 1984 800 128 0 64 32 0.875 1 images\trees.bmp
billboard 2144 800 128 0 64 32 0.875 1 images\trees.bmp
billboard 1792 800 128 0 64 32 0.875 1 images\trees.bmp
billboard 960 800 128 0 64 32 0.875 1 images\trees.bmp
