name noname
width 36
height 16
background forest
bg_image_width 640
bg_image_height 480
bg_offset_x 0
bg_offset_y 80
bg_x_min 0
bg_x_max 0
bg_y_min -550
bg_y_max 999999
bg_translate_rate_x 1
bg_translate_rate_y 1
bgm forest.mp3 6.27
mapchip 0 832 576 0 64 64 
mapchip 64 832 576 0 64 64 
mapchip 128 832 640 128 64 64 
mapchip 192 896 576 0 64 64 
mapchip 256 896 576 0 64 64 
mapchip 320 896 576 0 64 64 
mapchip 384 768 320 0 64 64 
mapchip 384 832 384 0 64 64 
mapchip 384 896 576 0 64 64 
mapchip 0 896 640 0 64 64 
mapchip 64 896 640 0 64 64 
mapchip 128 896 640 0 64 64 
mapchip 0 960 640 0 64 64 
mapchip 64 960 640 0 64 64 
mapchip 128 960 640 0 64 64 
mapchip 192 960 640 0 64 64 
mapchip 256 960 640 0 64 64 
mapchip 320 960 640 0 64 64 
mapchip 384 960 640 0 64 64 
mapchip 448 960 640 0 64 64 
mapchip 512 960 640 0 64 64 
mapchip 576 960 640 0 64 64 
mapchip 576 704 320 0 64 64 
mapchip 576 768 640 64 64 64 
mapchip 576 832 640 64 64 64 
mapchip 448 896 576 0 64 64 
mapchip 512 896 576 0 64 64 
mapchip 576 896 640 128 64 64 
mapchip 448 832 640 256 64 64 
mapchip 256 832 576 256 64 64 
mapchip 320 832 576 256 64 64 
mapchip 640 704 320 448 64 64 
mapchip 704 704 384 64 64 64 
mapchip 768 704 384 64 64 64 
mapchip 832 576 320 0 64 64 
mapchip 832 704 384 0 64 64 
mapchip 832 768 384 0 64 64 
mapchip 896 768 320 0 64 64 
mapchip 960 768 320 0 64 64 
mapchip 896 832 384 0 64 64 
mapchip 960 832 384 0 64 64 
mapchip 640 960 576 0 64 64 
mapchip 704 960 576 0 64 64 
mapchip 768 960 576 0 64 64 
mapchip 832 960 576 0 64 64 
mapchip 896 960 576 0 64 64 
mapchip 960 960 576 0 64 64 
mapchip 1088 896 576 128 64 64 
mapchip 1024 960 576 0 64 64 
mapchip 1088 960 640 0 64 64 
mapchip 704 576 640 256 64 64 
mapchip 640 512 320 0 64 64 
mapchip 640 576 384 0 64 64 
mapchip 640 768 384 0 64 64 
mapchip 640 832 384 0 64 64 
mapchip 1152 896 576 0 64 64 
mapchip 1216 576 320 0 64 64 
mapchip 1216 640 384 0 64 64 
mapchip 1216 704 384 0 64 64 
mapchip 1216 768 384 0 64 64 
mapchip 1216 832 384 0 64 64 
mapchip 1152 960 640 0 64 64 
mapchip 1216 896 576 0 64 64 
mapchip 1280 896 640 0 64 64 
mapchip 1216 960 640 0 64 64 
mapchip 1280 960 640 0 64 64 
mapchip 1024 576 576 64 64 64 
mapchip 1024 768 320 448 64 64 
mapchip 1152 832 320 192 64 64 
mapchip 1280 832 640 0 64 64 
mapchip 1344 768 640 0 64 64 
mapchip 1344 832 640 0 64 64 
mapchip 1344 896 640 0 64 64 
mapchip 1344 960 640 0 64 64 
mapchip 1408 832 640 0 64 64 
mapchip 1472 832 640 0 64 64 
mapchip 1536 832 640 0 64 64 
mapchip 1408 896 640 0 64 64 
mapchip 1472 896 640 0 64 64 
mapchip 1536 896 640 0 64 64 
mapchip 1408 960 640 0 64 64 
mapchip 1472 960 640 0 64 64 
mapchip 1536 960 640 0 64 64 
mapchip 1408 1024 640 0 64 64 
mapchip 1472 1024 640 0 64 64 
mapchip 1536 1024 640 0 64 64 
mapchip 128 768 320 256 64 64 
mapchip 704 896 192 512 64 64 
mapchip 768 896 576 832 64 64 
mapchip 1408 768 640 0 64 64 
mapchip 1472 768 640 0 64 64 
mapchip 1536 768 640 0 64 64 
mapchip 1664 704 640 0 64 64 
mapchip 1600 768 640 0 64 64 
mapchip 1664 768 640 0 64 64 
mapchip 1728 768 640 0 64 64 
mapchip 1792 768 640 0 64 64 
mapchip 1856 768 640 0 64 64 
mapchip 1920 768 640 0 64 64 
mapchip 1600 832 640 0 64 64 
mapchip 1664 832 640 0 64 64 
mapchip 1728 832 640 0 64 64 
mapchip 1792 832 640 0 64 64 
mapchip 1856 832 640 0 64 64 
mapchip 1920 832 640 0 64 64 
mapchip 1600 896 640 0 64 64 
mapchip 1664 896 640 0 64 64 
mapchip 1728 896 640 0 64 64 
mapchip 1792 896 640 0 64 64 
mapchip 1856 896 640 0 64 64 
mapchip 1920 896 640 0 64 64 
mapchip 1600 960 640 0 64 64 
mapchip 1664 960 640 0 64 64 
mapchip 1728 960 640 0 64 64 
mapchip 1792 960 640 0 64 64 
mapchip 1856 960 640 0 64 64 
mapchip 1920 960 640 0 64 64 
mapchip 1408 704 640 0 64 64 
mapchip 1472 640 576 0 64 64 
mapchip 1536 640 576 0 64 64 
mapchip 1600 640 576 0 64 64 
mapchip 1664 640 576 0 64 64 
mapchip 1728 640 576 0 64 64 
mapchip 1792 640 576 0 64 64 
mapchip 1472 704 640 0 64 64 
mapchip 1536 704 640 0 64 64 
mapchip 1600 704 640 0 64 64 
mapchip 1728 704 640 0 64 64 
mapchip 1792 704 640 0 64 64 
mapchip 1856 704 640 0 64 64 
mapchip 1920 704 640 0 64 64 
mapchip 1856 640 576 0 64 64 
mapchip 1920 640 576 0 64 64 
mapchip 1984 640 576 0 64 64 
mapchip 2048 640 576 0 64 64 
mapchip 2112 640 576 0 64 64 
mapchip 2176 640 576 0 64 64 
mapchip 2240 640 576 0 64 64 
mapchip 1984 704 640 0 64 64 
mapchip 2048 704 640 0 64 64 
mapchip 2112 704 640 0 64 64 
mapchip 2176 704 640 0 64 64 
mapchip 2240 704 640 0 64 64 
mapchip 1984 768 640 0 64 64 
mapchip 2048 768 640 0 64 64 
mapchip 2112 768 640 0 64 64 
mapchip 2176 768 640 0 64 64 
mapchip 2240 768 640 0 64 64 
mapchip 1984 832 640 0 64 64 
mapchip 2048 832 640 0 64 64 
mapchip 2112 832 640 0 64 64 
mapchip 2176 832 640 0 64 64 
mapchip 2240 832 640 0 64 64 
mapchip 1984 896 640 0 64 64 
mapchip 2048 896 640 0 64 64 
mapchip 2112 896 640 0 64 64 
mapchip 2176 896 640 0 64 64 
mapchip 2240 896 640 0 64 64 
mapchip 1984 960 640 0 64 64 
mapchip 2048 960 640 0 64 64 
mapchip 2112 960 640 0 64 64 
mapchip 2176 960 640 0 64 64 
mapchip 2240 960 640 0 64 64 
mapchip 640 896 640 320 64 64 
mapchip 896 896 640 320 64 64 
mapchip 960 896 640 320 64 64 
mapchip 832 640 640 320 64 64 
mapchip 1280 768 576 128 64 64 
mapchip 1344 704 576 128 64 64 
mapchip 1408 640 576 128 64 64 
mapchip 1920 576 320 0 64 64 
mapchip 1536 576 320 0 64 64 
mapchip 1728 576 320 0 64 64 
mapchip 1856 512 320 0 64 64 
mapchip 1856 576 384 0 64 64 
mapchip 1024 640 384 448 64 64 
mapchip 1024 704 384 512 64 64 
mapchip 640 640 384 448 64 64 
mapchip 512 832 192 512 64 64 
mapchip 1472 576 576 832 64 64 
object 0 768 608 1056 32 32 forest15.txt,2528,384
object 0 800 608 1088 32 32 forest15.txt,2528,384
object 1088 608 128 512 32 32 0,1,160
object 352 864 320 512 32 32 
object 1344 672 320 1248 32 32 
object 1376 672 320 1248 32 32 
object 1280 736 320 512 32 32 
object 672 480 480 640 32 32 
object 480 864 480 704 32 32 
object 512 864 0 544 32 32 
object 544 864 0 544 32 32 
object 512 640 0 544 32 32 
object 832 544 0 544 32 32 
object 1056 544 0 544 32 32 
object 1024 928 0 544 32 32 
object 1312 736 0 544 32 32 
object 1344 512 0 544 32 32 
object 1376 480 320 704 32 32 
object 1344 608 320 704 32 32 
object 1504 480 320 704 32 32 
object 2272 576 608 1056 32 32 forest3.txt,0,1408
object 2272 608 608 1088 32 32 forest3.txt,0,1408
object 768 896 352 832 32 32 
object 864 896 352 832 32 32 
object 640 928 608 512 32 32 20
object 1664 608 384 1024 32 32 
object 1920 544 384 1024 32 32 
object 2016 608 384 1024 32 32 
object 640 480 224 928 32 32 hpc_f1
billboard 1856 544 0 0 64 96 0.8 1 images\trees.bmp
billboard 640 928 128 32 64 32 0.8 1 images\trees.bmp
billboard 1600 544 0 0 64 96 0.8 1 images\trees.bmp
billboard 1696 544 64 0 64 96 0.8 1 images\trees.bmp
billboard 1792 544 0 0 64 96 0.8 1 images\trees.bmp
billboard 1888 544 64 0 64 96 0.8 1 images\trees.bmp
billboard 1984 608 128 0 64 32 1 1 images\trees.bmp
billboard 2080 608 128 0 64 32 1 1 images\trees.bmp
billboard 1056 864 0 0 64 96 0.6 1 images\trees.bmp
billboard 1152 864 0 0 64 96 0.6 1 images\trees.bmp
