name noname
width 16
height 24
background forest
bg_image_width 640
bg_image_height 480
bg_offset_x 0
bg_offset_y 60
bg_x_min 0
bg_x_max 999999
bg_y_min -540
bg_y_max -480
bg_translate_rate_x 0.8
bg_translate_rate_y 0.8
bgm forest.mp3 6.27
mapchip 0 1472 576 0 64 64 
mapchip 64 1472 576 0 64 64 
mapchip 128 1472 576 0 64 64 
mapchip 192 1472 576 0 64 64 
mapchip 256 1472 576 0 64 64 
mapchip 320 1472 576 0 64 64 
mapchip 384 1472 576 0 64 64 
mapchip 448 1472 576 0 64 64 
mapchip 512 1472 576 0 64 64 
mapchip 576 1472 576 0 64 64 
mapchip 640 1472 576 0 64 64 
mapchip 704 1472 576 0 64 64 
mapchip 768 1472 576 0 64 64 
mapchip 832 1472 576 0 64 64 
mapchip 896 1472 576 0 64 64 
mapchip 960 1472 576 0 64 64 
mapchip 192 1344 320 0 64 64 
mapchip 192 1408 384 0 64 64 
mapchip 256 1280 384 0 64 64 
mapchip 256 1344 384 0 64 64 
mapchip 256 1408 384 0 64 64 
mapchip 256 1216 640 320 64 64 
mapchip 256 1024 384 0 64 64 
mapchip 256 1088 384 0 64 64 
mapchip 256 1152 384 0 64 64 
mapchip 832 1024 384 0 64 64 
mapchip 832 1088 384 0 64 64 
mapchip 832 1152 384 0 64 64 
mapchip 832 1216 384 0 64 64 
mapchip 832 1280 384 0 64 64 
mapchip 832 1344 384 0 64 64 
mapchip 832 1408 384 0 64 64 
mapchip 832 640 384 0 64 64 
mapchip 832 704 384 0 64 64 
mapchip 832 768 384 0 64 64 
mapchip 832 832 384 0 64 64 
mapchip 832 896 384 0 64 64 
mapchip 832 960 384 0 64 64 
mapchip 256 640 384 0 64 64 
mapchip 256 704 384 0 64 64 
mapchip 256 768 384 0 64 64 
mapchip 256 832 384 0 64 64 
mapchip 256 896 384 0 64 64 
mapchip 256 960 384 0 64 64 
mapchip 256 192 384 0 64 64 
mapchip 256 256 384 0 64 64 
mapchip 256 320 384 0 64 64 
mapchip 256 384 384 0 64 64 
mapchip 256 448 384 0 64 64 
mapchip 256 512 384 0 64 64 
mapchip 256 576 384 0 64 64 
mapchip 832 192 384 0 64 64 
mapchip 832 256 640 320 64 64 
mapchip 832 320 384 0 64 64 
mapchip 832 384 384 0 64 64 
mapchip 832 448 384 0 64 64 
mapchip 832 512 384 0 64 64 
mapchip 832 576 384 0 64 64 
mapchip 256 64 384 0 64 64 
mapchip 256 128 384 0 64 64 
mapchip 832 64 384 0 64 64 
mapchip 832 128 384 0 64 64 
mapchip 832 0 320 0 64 64 
mapchip 256 0 320 0 64 64 
mapchip 320 1280 320 64 64 64 
mapchip 384 1280 320 64 64 64 
mapchip 448 1280 320 64 64 64 
mapchip 512 1280 384 64 64 64 
mapchip 576 1280 384 64 64 64 
mapchip 640 1280 384 128 64 64 
mapchip 768 1344 384 192 64 64 
mapchip 640 1408 576 192 64 64 
mapchip 704 1408 576 192 64 64 
mapchip 576 1408 576 192 64 64 
mapchip 320 1408 320 0 64 64 
mapchip 704 1152 320 192 64 64 
mapchip 768 1152 320 64 64 64 
mapchip 128 1408 640 192 64 64 
mapchip 384 1088 320 64 64 64 
mapchip 320 1088 320 64 64 64 
mapchip 448 1088 320 128 64 64 
mapchip 384 1024 320 0 64 64 
mapchip 320 960 320 0 64 64 
mapchip 320 1024 384 0 64 64 
mapchip 448 896 320 192 64 64 
mapchip 512 896 320 64 64 64 
mapchip 576 896 320 128 64 64 
mapchip 704 832 320 0 64 64 
mapchip 768 832 384 0 64 64 
mapchip 768 896 384 0 64 64 
mapchip 768 768 320 0 64 64 
mapchip 320 640 320 128 64 64 
mapchip 448 448 384 64 64 64 
mapchip 384 448 384 192 64 64 
mapchip 512 448 384 128 64 64 
mapchip 768 320 640 192 64 64 
mapchip 896 320 320 64 64 64 
mapchip 960 320 320 128 64 64 
mapchip 640 256 384 192 64 64 
mapchip 704 256 384 128 64 64 
mapchip 448 192 384 64 64 64 
mapchip 384 192 320 192 64 64 
mapchip 512 192 384 128 64 64 
mapchip 448 0 320 0 64 64 
mapchip 512 0 320 0 64 64 
mapchip 576 0 320 0 64 64 
mapchip 640 0 320 0 64 64 
mapchip 704 0 320 0 64 64 
mapchip 768 0 320 0 64 64 
mapchip 320 0 320 0 64 64 
mapchip 384 0 320 0 64 64 
mapchip 640 128 320 192 64 64 
mapchip 704 128 320 128 64 64 
mapchip 896 1408 576 832 64 64 
mapchip 448 1408 576 832 64 64 
object 576 1216 0 864 32 32 180,0
object 0 1408 608 1056 32 32 forest1.txt,2272,576
object 0 1440 608 1088 32 32 forest1.txt,2272,576
object 576 1120 0 864 32 32 180,90
object 608 704 0 864 32 32 180,60
object 448 704 0 864 32 32 180,0
object 544 448 320 512 32 32 
object 320 608 320 512 32 32 
object 864 256 576 992 32 32 31
object 960 288 192 512 32 32 31
object 384 128 608 1056 32 32 forest4.txt,0,448
object 384 160 608 1088 32 32 forest4.txt,0,448
object 64 1440 288 800 32 32 
object 448 1248 384 1024 32 32 
object 608 1280 384 1024 32 32 
object 768 1120 384 1024 32 32 
object 480 192 192 768 32 32 
object 448 448 192 768 32 32 
object 928 288 608 512 32 32 29
object 320 1344 0 544 32 32 
object 352 1344 0 544 32 32 
object 320 1376 0 544 32 32 
object 352 1376 0 544 32 32 
object 800 128 320 544 32 32 31
billboard 416 1440 128 0 64 32 0.6 1 images\trees.bmp
billboard 96 1376 64 0 64 96 0.6 1 images\trees.bmp
billboard 576 1376 64 0 64 96 0.6 1 images\trees.bmp
billboard 928 1376 64 0 64 96 0.6 1 images\trees.bmp
billboard 896 1376 0 0 64 96 0.6 1 images\trees.bmp
billboard 800 1376 0 0 64 96 0.6 1 images\trees.bmp
billboard 512 1376 0 0 64 96 0.6 1 images\trees.bmp
