name noname
width 45
height 12
background sky
bg_image_width 640
bg_image_height 480
bg_offset_x 0
bg_offset_y 0
bg_x_min -999999
bg_x_max 999999
bg_y_min -999999
bg_y_max 999999
bg_translate_rate_x 0
bg_translate_rate_y 0
bgm grassland.mp3 5.24
mapchip 0 512 448 64 64 64 
mapchip 64 512 448 64 64 64 
mapchip 128 512 448 64 64 64 
mapchip 192 512 448 64 64 64 
mapchip 256 512 512 0 64 64 
mapchip 320 512 512 0 64 64 
mapchip 384 512 512 0 64 64 
mapchip 448 512 512 0 64 64 
mapchip 512 512 512 0 64 64 
mapchip 0 576 448 64 64 64 
mapchip 64 576 448 64 64 64 
mapchip 128 576 448 64 64 64 
mapchip 192 576 448 64 64 64 
mapchip 256 576 512 64 64 64 
mapchip 320 576 448 64 64 64 
mapchip 384 576 448 64 64 64 
mapchip 448 576 448 64 64 64 
mapchip 512 576 448 64 64 64 
mapchip 0 640 448 64 64 64 
mapchip 64 640 448 64 64 64 
mapchip 128 640 448 64 64 64 
mapchip 192 640 448 64 64 64 
mapchip 256 640 448 64 64 64 
mapchip 320 640 448 64 64 64 
mapchip 384 640 448 64 64 64 
mapchip 448 640 448 64 64 64 
mapchip 512 640 448 64 64 64 
mapchip 0 704 448 64 64 64 
mapchip 64 704 448 64 64 64 
mapchip 128 704 448 64 64 64 
mapchip 192 704 448 64 64 64 
mapchip 256 704 448 64 64 64 
mapchip 320 704 448 64 64 64 
mapchip 384 704 448 64 64 64 
mapchip 448 704 448 64 64 64 
mapchip 512 704 448 64 64 64 
mapchip 576 512 512 0 64 64 
mapchip 640 512 512 0 64 64 
mapchip 704 512 512 0 64 64 
mapchip 896 512 512 0 64 64 
mapchip 1088 512 512 0 64 64 
mapchip 576 576 448 64 64 64 
mapchip 640 576 448 64 64 64 
mapchip 704 576 448 64 64 64 
mapchip 768 576 448 64 64 64 
mapchip 832 576 448 64 64 64 
mapchip 896 576 448 64 64 64 
mapchip 960 576 448 64 64 64 
mapchip 1024 576 448 64 64 64 
mapchip 576 640 448 64 64 64 
mapchip 640 640 448 64 64 64 
mapchip 704 640 448 64 64 64 
mapchip 768 640 448 64 64 64 
mapchip 832 640 448 64 64 64 
mapchip 896 640 512 64 64 64 
mapchip 960 640 448 64 64 64 
mapchip 1024 640 448 64 64 64 
mapchip 576 704 448 64 64 64 
mapchip 640 704 448 64 64 64 
mapchip 704 704 448 64 64 64 
mapchip 768 704 448 64 64 64 
mapchip 832 704 448 64 64 64 
mapchip 896 704 448 64 64 64 
mapchip 960 704 448 64 64 64 
mapchip 1024 704 448 64 64 64 
mapchip 1280 512 512 0 64 64 
mapchip 1344 576 448 64 64 64 
mapchip 1408 576 448 64 64 64 
mapchip 1472 576 448 64 64 64 
mapchip 1536 576 448 64 64 64 
mapchip 1600 576 448 64 64 64 
mapchip 1088 576 448 64 64 64 
mapchip 1152 576 448 64 64 64 
mapchip 1216 576 448 64 64 64 
mapchip 1280 576 448 64 64 64 
mapchip 1088 640 448 64 64 64 
mapchip 1152 640 448 64 64 64 
mapchip 1216 640 448 64 64 64 
mapchip 1280 640 448 64 64 64 
mapchip 1088 704 448 64 64 64 
mapchip 1152 704 448 64 64 64 
mapchip 1216 704 448 64 64 64 
mapchip 1280 704 448 64 64 64 
mapchip 1280 448 128 576 64 64 
mapchip 1344 512 512 0 64 64 
mapchip 1408 512 512 0 64 64 
mapchip 1472 512 512 0 64 64 
mapchip 1536 512 512 0 64 64 
mapchip 1344 640 448 64 64 64 
mapchip 1408 640 448 64 64 64 
mapchip 1472 640 448 64 64 64 
mapchip 1536 640 448 64 64 64 
mapchip 1600 640 512 64 64 64 
mapchip 1344 704 448 64 64 64 
mapchip 1408 704 448 64 64 64 
mapchip 1472 704 448 64 64 64 
mapchip 1536 704 448 64 64 64 
mapchip 1600 704 448 64 64 64 
mapchip 1664 640 448 64 64 64 
mapchip 1728 640 448 64 64 64 
mapchip 1792 640 448 64 64 64 
mapchip 1856 640 448 64 64 64 
mapchip 1664 704 448 64 64 64 
mapchip 1728 704 448 64 64 64 
mapchip 1792 704 448 64 64 64 
mapchip 1856 704 448 64 64 64 
mapchip 1664 576 448 64 64 64 
mapchip 1728 576 448 64 64 64 
mapchip 1792 576 448 64 64 64 
mapchip 1856 576 448 64 64 64 
mapchip 1920 576 448 64 64 64 
mapchip 1984 512 512 0 64 64 
mapchip 2048 512 512 0 64 64 
mapchip 2112 512 512 0 64 64 
mapchip 2176 512 512 0 64 64 
mapchip 2240 512 512 0 64 64 
mapchip 1920 640 448 64 64 64 
mapchip 1920 704 448 64 64 64 
mapchip 1984 576 448 64 64 64 
mapchip 2048 576 448 64 64 64 
mapchip 2112 576 448 64 64 64 
mapchip 2176 576 448 64 64 64 
mapchip 2240 576 448 64 64 64 
mapchip 1984 640 448 64 64 64 
mapchip 2048 640 448 64 64 64 
mapchip 2112 640 448 64 64 64 
mapchip 2176 640 448 64 64 64 
mapchip 2240 640 448 64 64 64 
mapchip 1984 704 448 64 64 64 
mapchip 2048 704 448 64 64 64 
mapchip 2112 704 448 64 64 64 
mapchip 2176 704 448 64 64 64 
mapchip 2240 704 448 64 64 64 
mapchip 1984 768 448 64 64 64 
mapchip 2048 768 448 64 64 64 
mapchip 2112 768 448 64 64 64 
mapchip 2176 768 448 64 64 64 
mapchip 2240 768 448 64 64 64 
mapchip 2048 320 512 256 64 64 
mapchip 2048 384 512 256 64 64 
mapchip 2048 448 512 256 64 64 
mapchip 2048 256 512 640 64 64 
mapchip 2304 512 512 0 64 64 
mapchip 2368 512 512 0 64 64 
mapchip 2432 512 512 0 64 64 
mapchip 2496 512 512 0 64 64 
mapchip 2560 512 512 0 64 64 
mapchip 2304 576 448 64 64 64 
mapchip 2368 576 448 64 64 64 
mapchip 2432 576 448 64 64 64 
mapchip 2496 576 448 64 64 64 
mapchip 2560 576 448 64 64 64 
mapchip 2624 576 448 64 64 64 
mapchip 2688 576 448 64 64 64 
mapchip 2304 640 448 64 64 64 
mapchip 2368 640 448 64 64 64 
mapchip 2432 640 448 64 64 64 
mapchip 2496 640 448 64 64 64 
mapchip 2560 640 512 64 64 64 
mapchip 2624 640 448 64 64 64 
mapchip 2688 640 448 64 64 64 
mapchip 2304 704 448 64 64 64 
mapchip 2368 704 448 64 64 64 
mapchip 2432 704 448 64 64 64 
mapchip 2496 704 448 64 64 64 
mapchip 2560 704 448 64 64 64 
mapchip 2624 704 448 64 64 64 
mapchip 2688 704 448 64 64 64 
mapchip 2304 768 448 64 64 64 
mapchip 2368 768 448 64 64 64 
mapchip 2432 768 448 64 64 64 
mapchip 2496 768 448 64 64 64 
mapchip 2560 768 448 64 64 64 
mapchip 2624 768 448 64 64 64 
mapchip 2688 768 448 64 64 64 
mapchip 2752 576 448 64 64 64 
mapchip 2816 576 448 64 64 64 
mapchip 2880 576 448 64 64 64 
mapchip 2752 640 448 64 64 64 
mapchip 2816 640 448 64 64 64 
mapchip 2880 640 448 64 64 64 
mapchip 2752 704 448 64 64 64 
mapchip 2816 704 448 64 64 64 
mapchip 2880 704 448 64 64 64 
mapchip 2624 512 512 0 64 64 
mapchip 2688 512 512 0 64 64 
mapchip 2752 512 512 0 64 64 
mapchip 2816 512 512 0 64 64 
mapchip 192 384 320 256 64 64 
mapchip 192 448 512 0 64 64 
mapchip 1600 384 512 256 64 64 
mapchip 1600 448 512 256 64 64 
mapchip 1664 448 448 128 64 64 
mapchip 1728 448 512 128 64 64 
mapchip 1600 512 512 0 64 64 
mapchip 1664 512 448 64 64 64 
mapchip 1728 512 448 64 64 64 
mapchip 1792 512 512 0 64 64 
mapchip 1856 512 512 0 64 64 
mapchip 1920 512 512 0 64 64 
mapchip 0 448 512 0 64 64 
mapchip 64 448 512 0 64 64 
mapchip 128 448 512 0 64 64 
mapchip 768 512 512 0 64 64 
mapchip 832 512 512 0 64 64 
mapchip 960 512 512 0 64 64 
mapchip 1024 512 512 0 64 64 
mapchip 1088 384 192 640 64 64 
mapchip 1152 384 192 640 64 64 
mapchip 1216 384 192 640 64 64 
mapchip 1088 448 128 576 64 64 
mapchip 1152 448 128 576 64 64 
mapchip 1216 448 128 576 64 64 
mapchip 1152 512 512 0 64 64 
mapchip 1216 512 512 0 64 64 
mapchip 576 256 512 640 64 64 
mapchip 576 320 512 256 64 64 
mapchip 576 384 512 256 64 64 
mapchip 576 448 512 256 64 64 
mapchip 1280 384 192 640 64 64 
mapchip 1344 448 256 576 64 64 
mapchip 1600 256 512 640 64 64 
mapchip 1600 320 512 256 64 64 
mapchip 2752 448 128 576 64 64 
mapchip 2816 448 128 576 64 64 
mapchip 2304 384 192 640 64 64 
mapchip 2368 384 192 640 64 64 
mapchip 2432 384 192 640 64 64 
mapchip 2560 384 192 640 64 64 
mapchip 2624 384 192 640 64 64 
mapchip 2688 384 192 640 64 64 
mapchip 2752 256 192 640 64 64 
mapchip 2816 192 192 640 64 64 
mapchip 2304 448 128 576 64 64 
mapchip 2368 448 128 576 64 64 
mapchip 2432 448 128 576 64 64 
mapchip 2560 448 128 576 64 64 
mapchip 2624 448 128 576 64 64 
mapchip 2688 448 128 576 64 64 
mapchip 2752 320 128 576 64 64 
mapchip 2752 384 128 576 64 64 
mapchip 2816 256 128 576 64 64 
mapchip 2816 320 128 576 64 64 
mapchip 2816 384 128 576 64 64 
mapchip 1408 448 256 576 64 64 
mapchip 1472 448 256 576 64 64 
mapchip 1536 448 256 576 64 64 
mapchip 704 448 256 576 64 64 
mapchip 768 448 256 576 64 64 
mapchip 832 448 256 576 64 64 
mapchip 896 448 256 576 64 64 
mapchip 960 448 256 576 64 64 
object 2848 448 608 1056 32 32 load3.txt,0,448
object 2848 480 608 1088 32 32 load3.txt,0,448
object 2624 448 384 896 32 32 
object 256 448 608 1056 32 32 load2.txt,2848,448
object 256 480 608 1088 32 32 load2.txt,2848,448
object 864 448 192 1024 32 32 
object 1152 416 0 544 32 32 
object 1248 416 0 544 32 32 
object 1344 448 288 896 32 32 
object 1696 416 0 544 32 32 
object 2368 416 0 544 32 32 
object 2592 416 0 544 32 32 
object 2688 416 0 544 32 32 
object 2432 448 0 1152 32 32 
object 2560 448 0 1152 32 32 
object 32 384 288 896 32 32 
object 2016 448 192 1024 32 32 
object 0 384 0 544 32 32 
object 0 416 0 544 32 32 
object 2560 320 480 736 32 32 
object 2848 160 256 928 32 32 mpc_l25
object 1728 416 96 512 32 32 
billboard 1024 288 0 32 128 224 0.75 1 images\buildings.bmp
billboard 736 288 0 32 128 224 0.75 1 images\buildings.bmp
billboard 1344 384 128 128 224 128 0.75 1 images\buildings.bmp
billboard 832 416 128 0 64 96 0.75 1 images\buildings.bmp
billboard 2176 448 128 0 64 96 0.75 1 images\buildings.bmp
billboard 2144 416 128 0 64 96 0.75 1 images\buildings.bmp
billboard 2432 416 128 0 64 96 0.75 1 images\buildings.bmp
billboard 2336 448 192 0 32 64 0.75 1 images\buildings.bmp
billboard 2080 448 192 0 32 64 0.75 1 images\buildings.bmp
billboard 1856 448 192 0 32 64 0.75 1 images\buildings.bmp
billboard 288 448 128 0 64 96 0.75 1 images\buildings.bmp
billboard 352 416 128 0 64 96 0.75 1 images\buildings.bmp
billboard 384 448 128 0 64 96 0.75 1 images\buildings.bmp
billboard 928 416 32 32 96 96 0.75 1 images\buildings.bmp
billboard 1280 416 32 32 96 96 0.75 1 images\buildings.bmp
billboard 1920 448 32 32 96 96 0.75 1 images\buildings.bmp
