name noname
width 60
height 16
background sky
bg_image_width 640
bg_image_height 480
bg_offset_x 0
bg_offset_y 0
bg_x_min -999999
bg_x_max 999999
bg_y_min -999999
bg_y_max 999999
bg_translate_rate_x 0
bg_translate_rate_y 0
bgm grassland.mp3 5.24
mapchip 0 512 512 0 64 64 
mapchip 64 512 512 0 64 64 
mapchip 128 512 512 0 64 64 
mapchip 192 512 512 0 64 64 
mapchip 256 512 512 0 64 64 
mapchip 320 512 512 0 64 64 
mapchip 0 576 448 64 64 64 
mapchip 64 576 448 64 64 64 
mapchip 128 576 448 64 64 64 
mapchip 192 576 512 64 64 64 
mapchip 256 576 448 64 64 64 
mapchip 320 576 448 64 64 64 
mapchip 0 640 448 64 64 64 
mapchip 64 640 448 64 64 64 
mapchip 128 640 448 64 64 64 
mapchip 192 640 448 64 64 64 
mapchip 256 640 448 64 64 64 
mapchip 320 640 448 64 64 64 
mapchip 0 704 448 64 64 64 
mapchip 64 704 448 64 64 64 
mapchip 128 704 448 64 64 64 
mapchip 192 704 448 64 64 64 
mapchip 256 704 448 64 64 64 
mapchip 320 704 448 64 64 64 
mapchip 384 448 448 128 64 64 
mapchip 448 448 512 128 64 64 
mapchip 512 512 448 0 64 64 
mapchip 384 512 448 64 64 64 
mapchip 448 512 448 64 64 64 
mapchip 384 576 448 64 64 64 
mapchip 448 576 448 64 64 64 
mapchip 512 576 448 64 64 64 
mapchip 384 640 448 64 64 64 
mapchip 448 640 448 64 64 64 
mapchip 512 640 448 64 64 64 
mapchip 384 704 448 64 64 64 
mapchip 448 704 448 64 64 64 
mapchip 512 704 448 64 64 64 
mapchip 576 576 448 64 64 64 
mapchip 640 576 512 64 64 64 
mapchip 704 576 448 64 64 64 
mapchip 576 640 448 64 64 64 
mapchip 640 640 448 64 64 64 
mapchip 704 640 448 64 64 64 
mapchip 576 704 448 64 64 64 
mapchip 640 704 448 64 64 64 
mapchip 704 704 448 64 64 64 
mapchip 640 448 448 128 64 64 
mapchip 704 448 512 128 64 64 
mapchip 576 512 448 0 64 64 
mapchip 640 512 448 64 64 64 
mapchip 704 512 448 64 64 64 
mapchip 768 512 448 0 64 64 
mapchip 832 512 448 0 64 64 
mapchip 768 576 448 64 64 64 
mapchip 832 576 448 64 64 64 
mapchip 768 640 448 64 64 64 
mapchip 832 640 448 64 64 64 
mapchip 768 704 448 64 64 64 
mapchip 832 704 448 64 64 64 
mapchip 256 256 512 640 64 64 
mapchip 256 320 512 256 64 64 
mapchip 256 384 512 256 64 64 
mapchip 256 448 512 256 64 64 
mapchip 896 448 448 128 64 64 
mapchip 960 448 512 128 64 64 
mapchip 896 512 448 64 64 64 
mapchip 960 512 448 64 64 64 
mapchip 896 576 448 64 64 64 
mapchip 960 576 448 64 64 64 
mapchip 896 640 448 64 64 64 
mapchip 960 640 448 64 64 64 
mapchip 896 704 448 64 64 64 
mapchip 960 704 448 64 64 64 
mapchip 1024 512 448 0 64 64 
mapchip 1088 384 448 128 64 64 
mapchip 1024 576 448 64 64 64 
mapchip 1024 640 448 64 64 64 
mapchip 1024 704 448 64 64 64 
mapchip 1088 448 448 64 64 64 
mapchip 1088 512 448 64 64 64 
mapchip 1088 576 448 64 64 64 
mapchip 1088 640 448 64 64 64 
mapchip 1088 704 448 64 64 64 
mapchip 1152 384 448 0 64 64 
mapchip 1216 384 448 0 64 64 
mapchip 1280 384 512 128 64 64 
mapchip 1152 448 448 64 64 64 
mapchip 1216 448 448 64 64 64 
mapchip 1280 448 448 64 64 64 
mapchip 1152 512 448 64 64 64 
mapchip 1216 512 448 64 64 64 
mapchip 1280 512 448 64 64 64 
mapchip 1152 576 448 64 64 64 
mapchip 1216 576 448 64 64 64 
mapchip 1280 576 448 64 64 64 
mapchip 1152 640 448 64 64 64 
mapchip 1216 640 448 64 64 64 
mapchip 1280 640 448 64 64 64 
mapchip 1152 704 448 64 64 64 
mapchip 1216 704 448 64 64 64 
mapchip 1280 704 448 64 64 64 
mapchip 704 384 512 256 64 64 
mapchip 512 448 576 256 64 64 
mapchip 576 448 576 256 64 64 
mapchip 768 448 576 256 64 64 
mapchip 832 448 576 256 64 64 
mapchip 704 192 512 640 64 64 
mapchip 704 256 512 256 64 64 
mapchip 704 320 512 256 64 64 
mapchip 1280 320 384 192 64 64 
mapchip 1344 320 384 64 64 64 
mapchip 1408 320 384 64 64 64 
mapchip 1472 320 384 128 64 64 
mapchip 1472 384 448 128 64 64 
mapchip 1472 448 448 64 64 64 
mapchip 1472 512 448 64 64 64 
mapchip 1344 576 448 64 64 64 
mapchip 1408 576 448 64 64 64 
mapchip 1472 576 448 64 64 64 
mapchip 1344 640 448 64 64 64 
mapchip 1408 640 448 64 64 64 
mapchip 1472 640 448 64 64 64 
mapchip 1344 704 448 64 64 64 
mapchip 1408 704 448 64 64 64 
mapchip 1472 704 448 64 64 64 
mapchip 1536 448 448 64 64 64 
mapchip 1536 512 448 64 64 64 
mapchip 1536 576 448 64 64 64 
mapchip 1536 640 448 64 64 64 
mapchip 1536 704 448 64 64 64 
mapchip 1536 384 448 0 64 64 
mapchip 1600 384 448 0 64 64 
mapchip 1664 384 448 0 64 64 
mapchip 1728 384 512 128 64 64 
mapchip 1792 448 512 128 64 64 
mapchip 1984 448 448 128 64 64 
mapchip 1984 512 448 64 64 64 
mapchip 1856 512 512 128 64 64 
mapchip 1920 576 448 0 64 64 
mapchip 1600 448 448 64 64 64 
mapchip 1664 448 448 64 64 64 
mapchip 1728 448 448 64 64 64 
mapchip 1600 512 448 64 64 64 
mapchip 1664 512 448 64 64 64 
mapchip 1728 512 448 64 64 64 
mapchip 1600 576 448 64 64 64 
mapchip 1664 576 448 64 64 64 
mapchip 1728 576 448 64 64 64 
mapchip 1600 640 448 64 64 64 
mapchip 1664 640 448 64 64 64 
mapchip 1728 640 448 64 64 64 
mapchip 1600 704 448 64 64 64 
mapchip 1664 704 448 64 64 64 
mapchip 1728 704 448 64 64 64 
mapchip 1792 512 448 64 64 64 
mapchip 1792 576 448 64 64 64 
mapchip 1792 640 448 64 64 64 
mapchip 1792 704 448 64 64 64 
mapchip 1856 576 448 64 64 64 
mapchip 1856 640 448 64 64 64 
mapchip 1856 704 448 64 64 64 
mapchip 1920 640 448 64 64 64 
mapchip 1920 704 448 64 64 64 
mapchip 1984 576 448 64 64 64 
mapchip 1984 640 448 64 64 64 
mapchip 1984 704 448 64 64 64 
mapchip 2048 448 576 0 64 64 
mapchip 2112 448 576 0 64 64 
mapchip 2176 448 576 0 64 64 
mapchip 2240 448 576 0 64 64 
mapchip 2304 448 576 0 64 64 
mapchip 2176 384 320 0 64 64 
mapchip 2048 512 640 0 64 64 
mapchip 2112 512 640 0 64 64 
mapchip 2176 512 640 0 64 64 
mapchip 2240 512 640 0 64 64 
mapchip 2304 512 640 0 64 64 
mapchip 2048 576 640 0 64 64 
mapchip 2112 576 640 0 64 64 
mapchip 2176 576 640 0 64 64 
mapchip 2240 576 640 0 64 64 
mapchip 2304 576 640 0 64 64 
mapchip 2048 640 640 0 64 64 
mapchip 2112 640 640 0 64 64 
mapchip 2176 640 640 0 64 64 
mapchip 2240 640 640 0 64 64 
mapchip 2304 640 640 0 64 64 
mapchip 2048 704 640 0 64 64 
mapchip 2112 704 640 0 64 64 
mapchip 2176 704 640 0 64 64 
mapchip 2240 704 640 0 64 64 
mapchip 2304 704 640 0 64 64 
mapchip 2368 512 640 0 64 64 
mapchip 2432 512 640 0 64 64 
mapchip 2496 512 640 0 64 64 
mapchip 2560 512 640 0 64 64 
mapchip 2624 512 640 0 64 64 
mapchip 2688 512 640 0 64 64 
mapchip 2368 576 640 0 64 64 
mapchip 2432 576 640 0 64 64 
mapchip 2496 576 640 0 64 64 
mapchip 2560 576 640 0 64 64 
mapchip 2624 576 640 0 64 64 
mapchip 2688 576 640 0 64 64 
mapchip 2368 640 640 0 64 64 
mapchip 2432 640 640 0 64 64 
mapchip 2496 640 640 0 64 64 
mapchip 2560 640 640 0 64 64 
mapchip 2624 640 640 0 64 64 
mapchip 2688 640 640 0 64 64 
mapchip 2368 704 640 0 64 64 
mapchip 2432 704 640 0 64 64 
mapchip 2496 704 640 0 64 64 
mapchip 2560 704 640 0 64 64 
mapchip 2624 704 640 0 64 64 
mapchip 2688 704 640 0 64 64 
mapchip 2368 448 576 0 64 64 
mapchip 2432 448 576 0 64 64 
mapchip 2496 448 576 0 64 64 
mapchip 2560 448 576 0 64 64 
mapchip 2624 448 576 0 64 64 
mapchip 2688 448 576 0 64 64 
mapchip 1600 256 704 0 64 64 
mapchip 1600 320 704 64 64 64 
mapchip 2432 384 320 0 64 64 
mapchip 2688 384 448 192 64 64 
mapchip 2752 384 512 192 64 64 
mapchip 2752 448 576 0 64 64 
mapchip 2816 448 576 0 64 64 
mapchip 2880 448 576 0 64 64 
mapchip 2752 512 640 0 64 64 
mapchip 2816 512 640 0 64 64 
mapchip 2880 512 640 0 64 64 
mapchip 2752 576 640 0 64 64 
mapchip 2816 576 640 0 64 64 
mapchip 2880 576 640 0 64 64 
mapchip 2752 640 640 0 64 64 
mapchip 2816 640 640 0 64 64 
mapchip 2880 640 640 0 64 64 
mapchip 2752 704 640 0 64 64 
mapchip 2816 704 640 0 64 64 
mapchip 2880 704 640 0 64 64 
mapchip 3008 512 640 0 64 64 
mapchip 3072 512 640 0 64 64 
mapchip 3136 512 640 0 64 64 
mapchip 3200 512 640 0 64 64 
mapchip 3264 512 640 0 64 64 
mapchip 3328 512 640 0 64 64 
mapchip 3008 576 640 0 64 64 
mapchip 3072 576 640 0 64 64 
mapchip 3136 576 640 0 64 64 
mapchip 3200 576 640 0 64 64 
mapchip 3264 576 640 0 64 64 
mapchip 3328 576 640 0 64 64 
mapchip 3008 640 640 0 64 64 
mapchip 3072 640 640 0 64 64 
mapchip 3136 640 640 0 64 64 
mapchip 3200 640 640 0 64 64 
mapchip 3264 640 640 0 64 64 
mapchip 3328 640 640 0 64 64 
mapchip 3008 704 640 0 64 64 
mapchip 3072 704 640 0 64 64 
mapchip 3136 704 640 0 64 64 
mapchip 3200 704 640 0 64 64 
mapchip 3264 704 640 0 64 64 
mapchip 3328 704 640 0 64 64 
mapchip 2944 512 640 0 64 64 
mapchip 2944 576 640 0 64 64 
mapchip 2944 640 640 0 64 64 
mapchip 2944 704 640 0 64 64 
mapchip 2944 448 576 0 64 64 
mapchip 3008 448 576 0 64 64 
mapchip 3072 448 576 0 64 64 
mapchip 3136 448 576 0 64 64 
mapchip 3200 448 576 0 64 64 
mapchip 3264 448 576 0 64 64 
mapchip 3328 448 576 0 64 64 
mapchip 3392 448 576 0 64 64 
mapchip 3392 512 640 0 64 64 
mapchip 3392 576 640 0 64 64 
mapchip 3392 640 640 0 64 64 
mapchip 3392 704 640 0 64 64 
mapchip 3328 320 704 0 64 64 
mapchip 3328 384 704 64 64 64 
mapchip 3456 448 576 0 64 64 
mapchip 3520 448 576 0 64 64 
mapchip 3584 448 576 0 64 64 
mapchip 3648 448 576 0 64 64 
mapchip 3712 448 576 0 64 64 
mapchip 3776 448 576 0 64 64 
mapchip 3456 512 640 0 64 64 
mapchip 3520 512 640 0 64 64 
mapchip 3584 512 640 0 64 64 
mapchip 3648 512 640 0 64 64 
mapchip 3712 512 640 0 64 64 
mapchip 3776 512 640 0 64 64 
mapchip 3840 512 640 0 64 64 
mapchip 3456 576 640 0 64 64 
mapchip 3520 576 640 0 64 64 
mapchip 3584 576 640 0 64 64 
mapchip 3648 576 640 0 64 64 
mapchip 3712 576 640 0 64 64 
mapchip 3776 576 640 0 64 64 
mapchip 3840 576 640 0 64 64 
mapchip 3456 640 640 0 64 64 
mapchip 3520 640 640 0 64 64 
mapchip 3584 640 640 0 64 64 
mapchip 3648 640 640 0 64 64 
mapchip 3712 640 640 0 64 64 
mapchip 3776 640 640 0 64 64 
mapchip 3840 640 640 0 64 64 
mapchip 3456 704 640 0 64 64 
mapchip 3520 704 640 0 64 64 
mapchip 3584 704 640 0 64 64 
mapchip 3648 704 640 0 64 64 
mapchip 3712 704 640 0 64 64 
mapchip 3776 704 640 0 64 64 
mapchip 3840 704 640 0 64 64 
mapchip 3008 384 640 64 64 64 
mapchip 3008 320 576 64 64 64 
mapchip 2880 384 576 64 64 64 
mapchip 3072 384 640 256 64 64 
mapchip 3520 384 704 128 64 64 
mapchip 1344 384 768 128 64 64 
mapchip 1408 384 768 128 64 64 
mapchip 1344 448 768 64 64 64 
mapchip 1408 448 768 64 64 64 
mapchip 1344 512 768 64 64 64 
mapchip 1408 512 768 64 64 64 
mapchip 2112 384 448 320 64 64 
mapchip 2240 384 448 320 64 64 
mapchip 2304 384 512 320 64 64 
mapchip 2368 384 576 320 64 64 
mapchip 3648 384 128 384 64 64 
mapchip 3712 384 128 384 64 64 
mapchip 3776 384 128 384 64 64 
object 1920 544 320 1248 32 32 
object 1952 544 320 1248 32 32 
object 0 448 608 1056 32 32 load3.txt,2848,448
object 0 480 608 1088 32 32 load3.txt,2848,448
object 672 416 480 640 32 32 
object 928 416 480 640 32 32 
object 224 448 0 768 32 32 
object 1888 352 320 704 32 32 
object 1792 256 320 704 32 32 
object 3232 416 480 704 32 32 
object 3360 416 480 704 32 32 
object 2304 384 0 1024 32 32 
object 2400 384 0 1024 32 32 
object 2560 320 320 704 32 32 
object 2720 288 320 704 32 32 
object 3008 288 480 640 32 32 
object 3808 384 608 1056 32 32 boss_room2.txt,0,448
object 3808 416 608 1088 32 32 boss_room2.txt,0,448
object 2976 416 0 544 32 32 
object 2336 416 0 544 32 32 
object 1024 320 0 544 32 32 
object 3264 384 608 1056 32 32 toilet1.txt,64,256
object 3264 416 608 1088 32 32 toilet1.txt,64,256
object 1344 544 320 1248 32 32 
object 1376 544 320 1248 32 32 
object 1408 544 320 1248 32 32 
object 1440 544 320 1248 32 32 
billboard 2592 352 0 0 64 96 0.75 1 images\trees.bmp
billboard 3168 352 64 0 64 96 0.75 1 images\trees.bmp
billboard 3648 352 0 0 64 96 0.75 1 images\trees.bmp
billboard 1248 352 128 0 64 32 0.75 1 images\trees.bmp
billboard 1536 288 0 0 64 96 0.75 1 images\trees.bmp
billboard 2784 352 0 0 64 96 0.75 1 images\trees.bmp
billboard 3392 352 0 0 64 96 0.75 1 images\trees.bmp
billboard 1600 288 0 0 64 96 0.75 1 images\trees.bmp
billboard 384 416 0 0 64 96 0.75 1 images\trees.bmp
billboard 448 416 64 0 64 96 0.75 1 images\trees.bmp
billboard 512 416 64 0 64 96 0.75 1 images\trees.bmp
billboard 96 416 64 0 64 96 0.75 1 images\trees.bmp
billboard 2912 352 64 0 64 96 0.75 1 images\trees.bmp
billboard 2944 352 0 0 64 96 0.75 1 images\trees.bmp
billboard 3072 352 0 0 64 96 0.75 1 images\trees.bmp
billboard 2976 416 192 0 128 64 0.75 1 images\trees.bmp
billboard 3232 352 384 384 128 96 1 1 images\buildings.bmp
