name noname
width 45
height 12
background sky
bg_image_width 640
bg_image_height 480
bg_offset_x 0
bg_offset_y 0
bg_x_min -999999
bg_x_max 999999
bg_y_min -999999
bg_y_max 999999
bg_translate_rate_x 0
bg_translate_rate_y 0
bgm grassland.mp3 5.24
mapchip 0 512 448 0 64 64 
mapchip 64 512 448 0 64 64 
mapchip 128 512 448 0 64 64 
mapchip 192 512 448 0 64 64 
mapchip 256 512 448 0 64 64 
mapchip 320 512 448 0 64 64 
mapchip 384 512 448 0 64 64 
mapchip 448 512 448 0 64 64 
mapchip 512 512 448 0 64 64 
mapchip 0 576 448 64 64 64 
mapchip 64 576 448 64 64 64 
mapchip 128 576 448 64 64 64 
mapchip 192 576 448 64 64 64 
mapchip 256 576 512 64 64 64 
mapchip 320 576 448 64 64 64 
mapchip 384 576 448 64 64 64 
mapchip 448 576 448 64 64 64 
mapchip 512 576 448 64 64 64 
mapchip 0 640 448 64 64 64 
mapchip 64 640 448 64 64 64 
mapchip 128 640 448 64 64 64 
mapchip 192 640 448 64 64 64 
mapchip 256 640 448 64 64 64 
mapchip 320 640 448 64 64 64 
mapchip 384 640 448 64 64 64 
mapchip 448 640 448 64 64 64 
mapchip 512 640 448 64 64 64 
mapchip 0 704 448 64 64 64 
mapchip 64 704 448 64 64 64 
mapchip 128 704 448 64 64 64 
mapchip 192 704 448 64 64 64 
mapchip 256 704 448 64 64 64 
mapchip 320 704 448 64 64 64 
mapchip 384 704 448 64 64 64 
mapchip 448 704 448 64 64 64 
mapchip 512 704 448 64 64 64 
mapchip 0 448 448 256 64 64 
mapchip 64 448 448 256 64 64 
mapchip 128 448 448 256 64 64 
mapchip 576 384 704 0 64 64 
mapchip 576 448 704 64 64 64 
mapchip 576 512 448 0 64 64 
mapchip 640 512 448 0 64 64 
mapchip 704 512 448 0 64 64 
mapchip 768 512 448 0 64 64 
mapchip 832 512 448 0 64 64 
mapchip 896 512 448 0 64 64 
mapchip 960 512 448 0 64 64 
mapchip 1024 512 448 0 64 64 
mapchip 1088 512 448 0 64 64 
mapchip 576 576 448 64 64 64 
mapchip 640 576 448 64 64 64 
mapchip 704 576 448 64 64 64 
mapchip 768 576 448 64 64 64 
mapchip 832 576 448 64 64 64 
mapchip 896 576 448 64 64 64 
mapchip 960 576 448 64 64 64 
mapchip 1024 576 448 64 64 64 
mapchip 576 640 448 64 64 64 
mapchip 640 640 448 64 64 64 
mapchip 704 640 448 64 64 64 
mapchip 768 640 448 64 64 64 
mapchip 832 640 448 64 64 64 
mapchip 896 640 448 64 64 64 
mapchip 960 640 448 64 64 64 
mapchip 1024 640 448 64 64 64 
mapchip 576 704 448 64 64 64 
mapchip 640 704 448 64 64 64 
mapchip 704 704 448 64 64 64 
mapchip 768 704 448 64 64 64 
mapchip 832 704 448 64 64 64 
mapchip 896 704 448 64 64 64 
mapchip 960 704 448 64 64 64 
mapchip 1024 704 448 64 64 64 
mapchip 960 448 704 128 64 64 
mapchip 1024 384 704 0 64 64 
mapchip 1024 448 704 64 64 64 
mapchip 1152 512 448 0 64 64 
mapchip 1216 512 448 0 64 64 
mapchip 1280 512 512 128 64 64 
mapchip 1344 576 512 0 64 64 
mapchip 1408 576 512 0 64 64 
mapchip 1472 576 512 0 64 64 
mapchip 1536 576 512 0 64 64 
mapchip 1600 576 512 0 64 64 
mapchip 1088 576 448 64 64 64 
mapchip 1152 576 448 64 64 64 
mapchip 1216 576 448 64 64 64 
mapchip 1280 576 448 64 64 64 
mapchip 1088 640 448 64 64 64 
mapchip 1152 640 448 64 64 64 
mapchip 1216 640 448 64 64 64 
mapchip 1280 640 448 64 64 64 
mapchip 1088 704 448 64 64 64 
mapchip 1152 704 448 64 64 64 
mapchip 1216 704 448 64 64 64 
mapchip 1280 704 448 64 64 64 
mapchip 1280 448 320 256 64 64 
mapchip 1344 512 448 256 64 64 
mapchip 1408 512 448 256 64 64 
mapchip 1472 512 448 256 64 64 
mapchip 1536 512 512 256 64 64 
mapchip 1536 320 512 640 64 64 
mapchip 1536 384 512 256 64 64 
mapchip 1536 448 512 256 64 64 
mapchip 1344 640 448 64 64 64 
mapchip 1408 640 448 64 64 64 
mapchip 1472 640 448 64 64 64 
mapchip 1536 640 448 64 64 64 
mapchip 1600 640 512 64 64 64 
mapchip 1344 704 448 64 64 64 
mapchip 1408 704 448 64 64 64 
mapchip 1472 704 448 64 64 64 
mapchip 1536 704 448 64 64 64 
mapchip 1600 704 448 64 64 64 
mapchip 1664 640 448 64 64 64 
mapchip 1728 640 448 64 64 64 
mapchip 1792 640 448 64 64 64 
mapchip 1856 640 448 64 64 64 
mapchip 1664 704 448 64 64 64 
mapchip 1728 704 448 64 64 64 
mapchip 1792 704 448 64 64 64 
mapchip 1856 704 448 64 64 64 
mapchip 1664 576 512 0 64 64 
mapchip 1728 576 512 0 64 64 
mapchip 1792 576 512 0 64 64 
mapchip 1856 576 512 0 64 64 
mapchip 1920 576 512 0 64 64 
mapchip 1984 512 512 0 64 64 
mapchip 2048 512 512 0 64 64 
mapchip 2112 512 512 0 64 64 
mapchip 2176 512 512 0 64 64 
mapchip 2240 512 512 0 64 64 
mapchip 1920 640 448 64 64 64 
mapchip 1920 704 448 64 64 64 
mapchip 1984 576 448 64 64 64 
mapchip 2048 576 448 64 64 64 
mapchip 2112 576 448 64 64 64 
mapchip 2176 576 448 64 64 64 
mapchip 2240 576 448 64 64 64 
mapchip 1984 640 448 64 64 64 
mapchip 2048 640 448 64 64 64 
mapchip 2112 640 448 64 64 64 
mapchip 2176 640 448 64 64 64 
mapchip 2240 640 448 64 64 64 
mapchip 1984 704 448 64 64 64 
mapchip 2048 704 448 64 64 64 
mapchip 2112 704 448 64 64 64 
mapchip 2176 704 448 64 64 64 
mapchip 2240 704 448 64 64 64 
mapchip 1984 768 448 64 64 64 
mapchip 2048 768 448 64 64 64 
mapchip 2112 768 448 64 64 64 
mapchip 2176 768 448 64 64 64 
mapchip 2240 768 448 64 64 64 
mapchip 2048 320 512 256 64 64 
mapchip 2048 384 512 256 64 64 
mapchip 2048 448 512 256 64 64 
mapchip 2048 256 512 640 64 64 
mapchip 1984 448 320 256 64 64 
mapchip 2304 512 512 0 64 64 
mapchip 2368 512 512 0 64 64 
mapchip 2432 512 512 0 64 64 
mapchip 2496 512 512 0 64 64 
mapchip 2560 512 512 0 64 64 
mapchip 2304 576 448 64 64 64 
mapchip 2368 576 448 64 64 64 
mapchip 2432 576 448 64 64 64 
mapchip 2496 576 448 64 64 64 
mapchip 2560 576 448 64 64 64 
mapchip 2624 576 448 64 64 64 
mapchip 2688 576 448 64 64 64 
mapchip 2304 640 448 64 64 64 
mapchip 2368 640 448 64 64 64 
mapchip 2432 640 448 64 64 64 
mapchip 2496 640 448 64 64 64 
mapchip 2560 640 512 64 64 64 
mapchip 2624 640 448 64 64 64 
mapchip 2688 640 448 64 64 64 
mapchip 2304 704 448 64 64 64 
mapchip 2368 704 448 64 64 64 
mapchip 2432 704 448 64 64 64 
mapchip 2496 704 448 64 64 64 
mapchip 2560 704 448 64 64 64 
mapchip 2624 704 448 64 64 64 
mapchip 2688 704 448 64 64 64 
mapchip 2304 768 448 64 64 64 
mapchip 2368 768 448 64 64 64 
mapchip 2432 768 448 64 64 64 
mapchip 2496 768 448 64 64 64 
mapchip 2560 768 448 64 64 64 
mapchip 2624 768 448 64 64 64 
mapchip 2688 768 448 64 64 64 
mapchip 2752 576 448 64 64 64 
mapchip 2816 576 448 64 64 64 
mapchip 2880 576 448 64 64 64 
mapchip 2752 640 448 64 64 64 
mapchip 2816 640 448 64 64 64 
mapchip 2880 640 448 64 64 64 
mapchip 2752 704 448 64 64 64 
mapchip 2816 704 448 64 64 64 
mapchip 2880 704 448 64 64 64 
mapchip 2624 512 512 0 64 64 
mapchip 2688 512 512 0 64 64 
mapchip 2752 512 512 0 64 64 
mapchip 2816 512 512 0 64 64 
mapchip 2688 256 512 640 64 64 
mapchip 2688 320 512 256 64 64 
mapchip 2688 384 512 256 64 64 
mapchip 2688 448 512 256 64 64 
mapchip 704 448 448 320 64 64 
mapchip 768 448 512 320 64 64 
mapchip 832 448 576 320 64 64 
mapchip 2432 448 448 256 64 64 
mapchip 2496 448 448 256 64 64 
mapchip 2560 448 448 256 64 64 
mapchip 2624 448 448 256 64 64 
mapchip 2752 448 448 256 64 64 
mapchip 2816 448 448 256 64 64 
object 544 448 0 1024 32 32 
object 736 448 192 1024 32 32 
object 1440 512 0 768 32 32 
object 1728 512 192 1024 32 32 
object 2016 448 0 1024 32 32 
object 2176 448 0 1024 32 32 
object 2496 448 288 896 32 32 
object 0 448 608 1056 32 32 ground1.txt,2528,384
object 0 480 608 1088 32 32 ground1.txt,2528,384
object 2848 448 608 1056 32 32 load2.txt,0,448
object 2848 480 608 1088 32 32 load2.txt,0,448
object 960 448 288 800 32 32 
object 576 384 0 544 32 32 
object 1024 384 0 544 32 32 
object 2272 480 0 544 32 32 
object 2528 480 0 544 32 32 
billboard 2208 384 128 0 64 128 0.75 1 images\buildings.bmp
billboard 2496 384 128 0 64 128 0.75 1 images\buildings.bmp
billboard 2336 416 128 0 64 128 0.75 1 images\buildings.bmp
billboard 1856 448 128 0 32 128 0.75 1 images\buildings.bmp
billboard 1888 448 128 0 32 128 0.75 1 images\buildings.bmp
billboard 1920 448 160 0 32 128 0.75 1 images\buildings.bmp
billboard 1472 512 192 0 32 64 0.75 1 images\buildings.bmp
billboard 1824 512 192 0 32 64 0.75 1 images\buildings.bmp
billboard 384 384 128 128 224 128 0.875 1 images\buildings.bmp
billboard 832 448 192 0 32 64 0.875 1 images\buildings.bmp
billboard 2304 448 192 0 32 64 0.875 1 images\buildings.bmp
billboard 640 448 128 0 64 96 0.875 1 images\buildings.bmp
billboard 704 448 128 0 64 96 0.875 1 images\buildings.bmp
billboard 1600 512 0 32 128 96 0.875 1 images\buildings.bmp
billboard 1664 448 0 32 128 160 0.875 1 images\buildings.bmp
billboard 2432 448 352 192 96 64 0.875 1 images\buildings.bmp
billboard 2624 448 128 0 64 64 0.875 1 images\buildings.bmp
