name noname
width 40
height 14
background mansion
bg_image_width 640
bg_image_height 480
bg_offset_x 0
bg_offset_y 80
bg_x_min -999999
bg_x_max 999999
bg_y_min -999999
bg_y_max 999999
bg_translate_rate_x 1
bg_translate_rate_y 1
bgm castle.mp3 57.05
mapchip 0 384 832 64 64 64 
mapchip 0 448 832 64 64 64 
mapchip 0 512 832 64 64 64 
mapchip 0 576 832 64 64 64 
mapchip 0 640 832 64 64 64 
mapchip 0 704 832 64 64 64 
mapchip 0 768 832 64 64 64 
mapchip 0 832 832 64 64 64 
mapchip 64 704 832 0 64 64 
mapchip 128 704 832 0 64 64 
mapchip 192 704 832 0 64 64 
mapchip 256 704 832 0 64 64 
mapchip 320 704 832 0 64 64 
mapchip 384 704 832 0 64 64 
mapchip 448 704 832 0 64 64 
mapchip 512 704 832 0 64 64 
mapchip 0 320 832 64 64 64 
mapchip 64 320 832 64 64 64 
mapchip 128 320 832 64 64 64 
mapchip 192 320 832 64 64 64 
mapchip 256 320 832 64 64 64 
mapchip 320 320 832 64 64 64 
mapchip 384 320 832 64 64 64 
mapchip 448 320 832 64 64 64 
mapchip 64 768 832 64 64 64 
mapchip 128 768 832 64 64 64 
mapchip 192 768 832 64 64 64 
mapchip 256 768 832 64 64 64 
mapchip 320 768 832 64 64 64 
mapchip 384 768 832 64 64 64 
mapchip 448 768 832 64 64 64 
mapchip 512 768 832 64 64 64 
mapchip 576 768 832 64 64 64 
mapchip 640 768 832 64 64 64 
mapchip 704 768 832 64 64 64 
mapchip 768 768 832 64 64 64 
mapchip 832 768 832 64 64 64 
mapchip 576 704 832 0 64 64 
mapchip 640 704 832 0 64 64 
mapchip 704 704 832 0 64 64 
mapchip 768 704 832 0 64 64 
mapchip 832 704 832 0 64 64 
mapchip 64 384 832 64 64 64 
mapchip 128 384 832 64 64 64 
mapchip 192 384 832 64 64 64 
mapchip 256 384 832 64 64 64 
mapchip 320 384 832 64 64 64 
mapchip 384 384 832 64 64 64 
mapchip 448 384 832 64 64 64 
mapchip 512 384 832 64 64 64 
mapchip 576 384 832 64 64 64 
mapchip 512 320 832 64 64 64 
mapchip 576 320 832 64 64 64 
mapchip 640 320 832 64 64 64 
mapchip 704 320 832 64 64 64 
mapchip 768 320 832 64 64 64 
mapchip 832 320 832 64 64 64 
mapchip 896 320 832 64 64 64 
mapchip 640 384 832 64 64 64 
mapchip 704 384 832 64 64 64 
mapchip 768 384 832 64 64 64 
mapchip 832 384 832 64 64 64 
mapchip 896 384 832 64 64 64 
mapchip 960 320 832 64 64 64 
mapchip 1024 320 832 64 64 64 
mapchip 1088 320 832 64 64 64 
mapchip 1152 320 832 64 64 64 
mapchip 1216 320 832 64 64 64 
mapchip 1280 320 832 64 64 64 
mapchip 1344 320 832 64 64 64 
mapchip 960 384 832 64 64 64 
mapchip 1024 384 832 64 64 64 
mapchip 1088 384 832 64 64 64 
mapchip 1152 384 832 64 64 64 
mapchip 1216 384 832 64 64 64 
mapchip 1280 384 832 64 64 64 
mapchip 1344 384 832 64 64 64 
mapchip 896 768 832 64 64 64 
mapchip 960 768 832 64 64 64 
mapchip 1024 768 832 64 64 64 
mapchip 1088 768 832 64 64 64 
mapchip 1152 768 832 64 64 64 
mapchip 1216 768 832 64 64 64 
mapchip 1408 320 832 64 64 64 
mapchip 1472 320 832 64 64 64 
mapchip 1536 320 832 64 64 64 
mapchip 1600 320 832 64 64 64 
mapchip 1664 320 832 64 64 64 
mapchip 1728 320 832 64 64 64 
mapchip 1408 384 832 64 64 64 
mapchip 1472 384 832 64 64 64 
mapchip 1536 384 832 64 64 64 
mapchip 1600 384 832 64 64 64 
mapchip 1664 384 832 64 64 64 
mapchip 1728 384 832 64 64 64 
mapchip 1280 768 832 64 64 64 
mapchip 1344 768 832 64 64 64 
mapchip 1408 768 832 64 64 64 
mapchip 1472 768 832 64 64 64 
mapchip 1536 768 832 64 64 64 
mapchip 1600 768 832 64 64 64 
mapchip 1664 768 832 64 64 64 
mapchip 1728 768 832 64 64 64 
mapchip 896 704 832 0 64 64 
mapchip 960 704 832 0 64 64 
mapchip 1024 704 832 0 64 64 
mapchip 1088 704 832 0 64 64 
mapchip 1152 704 832 0 64 64 
mapchip 1216 704 832 0 64 64 
mapchip 1280 704 832 0 64 64 
mapchip 1344 704 832 0 64 64 
mapchip 1408 704 832 0 64 64 
mapchip 1472 704 832 0 64 64 
mapchip 1536 704 832 0 64 64 
mapchip 1600 704 832 0 64 64 
mapchip 1664 704 832 0 64 64 
mapchip 1728 704 832 0 64 64 
mapchip 1792 704 832 0 64 64 
mapchip 1856 704 832 0 64 64 
mapchip 1920 704 832 0 64 64 
mapchip 1984 704 832 0 64 64 
mapchip 2048 704 832 0 64 64 
mapchip 2112 704 832 0 64 64 
mapchip 2176 704 832 0 64 64 
mapchip 2240 704 832 0 64 64 
mapchip 2304 704 832 0 64 64 
mapchip 2368 704 832 0 64 64 
mapchip 2432 320 832 64 64 64 
mapchip 2496 320 832 64 64 64 
mapchip 2432 384 832 64 64 64 
mapchip 2496 384 832 64 64 64 
mapchip 2432 448 832 64 64 64 
mapchip 2496 448 832 64 64 64 
mapchip 2432 512 832 64 64 64 
mapchip 2496 512 832 64 64 64 
mapchip 2432 576 832 64 64 64 
mapchip 2496 576 832 64 64 64 
mapchip 2432 640 832 64 64 64 
mapchip 2496 640 832 64 64 64 
mapchip 2432 704 832 64 64 64 
mapchip 2496 704 832 64 64 64 
mapchip 2432 768 832 64 64 64 
mapchip 2496 768 832 64 64 64 
mapchip 1792 768 832 64 64 64 
mapchip 1856 768 832 64 64 64 
mapchip 1920 768 832 64 64 64 
mapchip 1984 768 832 64 64 64 
mapchip 2048 768 832 64 64 64 
mapchip 2112 768 832 64 64 64 
mapchip 2176 768 832 64 64 64 
mapchip 2240 768 832 64 64 64 
mapchip 2304 768 832 64 64 64 
mapchip 2368 768 832 64 64 64 
mapchip 1792 320 832 64 64 64 
mapchip 1856 320 832 64 64 64 
mapchip 1920 320 832 64 64 64 
mapchip 1984 320 832 64 64 64 
mapchip 2048 320 832 64 64 64 
mapchip 2112 320 832 64 64 64 
mapchip 2176 320 832 64 64 64 
mapchip 2240 320 832 64 64 64 
mapchip 2304 320 832 64 64 64 
mapchip 2368 320 832 64 64 64 
mapchip 1792 384 832 64 64 64 
mapchip 1856 384 832 64 64 64 
mapchip 1920 384 832 64 64 64 
mapchip 1984 384 832 64 64 64 
mapchip 2048 384 832 64 64 64 
mapchip 2112 384 832 64 64 64 
mapchip 2176 384 832 64 64 64 
mapchip 2240 384 832 64 64 64 
mapchip 2304 384 832 64 64 64 
mapchip 2368 384 832 64 64 64 
mapchip 320 576 512 448 64 64 
mapchip 640 576 512 448 64 64 
mapchip 960 576 512 448 64 64 
mapchip 1280 576 512 448 64 64 
mapchip 1600 576 512 448 64 64 
mapchip 1920 576 512 448 64 64 
mapchip 2240 576 512 448 64 64 
object 64 640 608 1056 32 32 garden2.txt,2272,512
object 64 672 608 1088 32 32 garden2.txt,2272,512
object 384 544 160 736 32 32 
object 1152 544 160 736 32 32 
object 1248 608 160 736 32 32 
object 2272 576 160 736 32 32 
object 2400 640 608 1056 32 32 mansion2.txt,64,1600
object 2400 672 608 1088 32 32 mansion2.txt,64,1600
