name noname
width 24
height 12
curtain 255 0 0 64
background mansion
bg_image_width 640
bg_image_height 480
bg_offset_x 0
bg_offset_y 0
bg_x_min -999999
bg_x_max 999999
bg_y_min -999999
bg_y_max 999999
bg_translate_rate_x 1
bg_translate_rate_y 1
bgm castle.mp3 57.05
mapchip 0 0 832 64 64 64 
mapchip 448 704 832 64 64 64 
mapchip 512 704 832 64 64 64 
mapchip 576 704 832 64 64 64 
mapchip 640 704 832 64 64 64 
mapchip 704 704 832 64 64 64 
mapchip 768 704 832 64 64 64 
mapchip 832 704 832 64 64 64 
mapchip 896 704 832 64 64 64 
mapchip 960 704 832 64 64 64 
mapchip 1024 704 832 64 64 64 
mapchip 1088 704 832 64 64 64 
mapchip 1152 704 832 64 64 64 
mapchip 1216 704 832 64 64 64 
mapchip 1280 704 832 64 64 64 
mapchip 1344 704 832 64 64 64 
mapchip 1408 704 832 64 64 64 
mapchip 1472 704 832 64 64 64 
mapchip 0 704 832 64 64 64 
mapchip 64 704 832 64 64 64 
mapchip 128 704 832 64 64 64 
mapchip 192 704 832 64 64 64 
mapchip 256 704 832 64 64 64 
mapchip 320 704 832 64 64 64 
mapchip 384 704 832 64 64 64 
mapchip 0 64 832 64 64 64 
mapchip 0 128 832 64 64 64 
mapchip 0 192 832 64 64 64 
mapchip 0 256 832 64 64 64 
mapchip 0 320 832 64 64 64 
mapchip 0 384 832 64 64 64 
mapchip 0 448 832 64 64 64 
mapchip 0 512 832 64 64 64 
mapchip 0 576 832 64 64 64 
mapchip 0 640 832 64 64 64 
mapchip 1472 0 832 64 64 64 
mapchip 1472 64 832 64 64 64 
mapchip 1472 128 832 64 64 64 
mapchip 1472 192 832 64 64 64 
mapchip 1472 256 832 64 64 64 
mapchip 1472 320 832 64 64 64 
mapchip 1472 384 832 64 64 64 
mapchip 1472 448 832 64 64 64 
mapchip 1472 512 832 64 64 64 
mapchip 1472 576 832 64 64 64 
mapchip 1472 640 832 64 64 64 
mapchip 960 192 832 64 64 64 
mapchip 1024 192 832 64 64 64 
mapchip 1088 192 832 64 64 64 
mapchip 1152 192 832 64 64 64 
mapchip 1216 192 832 64 64 64 
mapchip 1280 192 832 64 64 64 
mapchip 1344 192 832 64 64 64 
mapchip 1408 192 832 64 64 64 
mapchip 64 0 832 64 64 64 
mapchip 128 0 832 64 64 64 
mapchip 192 0 832 64 64 64 
mapchip 256 0 832 64 64 64 
mapchip 320 0 832 64 64 64 
mapchip 384 0 832 64 64 64 
mapchip 448 0 832 64 64 64 
mapchip 512 0 832 64 64 64 
mapchip 576 0 832 64 64 64 
mapchip 640 0 832 64 64 64 
mapchip 704 0 832 64 64 64 
mapchip 768 0 832 64 64 64 
mapchip 832 0 832 64 64 64 
mapchip 896 0 832 64 64 64 
mapchip 960 0 832 64 64 64 
mapchip 1024 0 832 64 64 64 
mapchip 64 64 832 64 64 64 
mapchip 128 64 832 64 64 64 
mapchip 192 64 832 64 64 64 
mapchip 256 64 832 64 64 64 
mapchip 320 64 832 64 64 64 
mapchip 384 64 832 64 64 64 
mapchip 448 64 832 64 64 64 
mapchip 512 64 832 64 64 64 
mapchip 576 64 832 64 64 64 
mapchip 640 64 832 64 64 64 
mapchip 704 64 832 64 64 64 
mapchip 768 64 832 64 64 64 
mapchip 832 64 832 64 64 64 
mapchip 896 64 832 64 64 64 
mapchip 960 64 832 64 64 64 
mapchip 1024 64 832 64 64 64 
mapchip 832 128 832 64 64 64 
mapchip 896 128 832 64 64 64 
mapchip 960 128 832 64 64 64 
mapchip 1024 128 832 64 64 64 
mapchip 1088 0 832 64 64 64 
mapchip 1152 0 832 64 64 64 
mapchip 1216 0 832 64 64 64 
mapchip 1280 0 832 64 64 64 
mapchip 1344 0 832 64 64 64 
mapchip 1408 0 832 64 64 64 
mapchip 1088 64 832 64 64 64 
mapchip 1152 64 832 64 64 64 
mapchip 1216 64 832 64 64 64 
mapchip 1280 64 832 64 64 64 
mapchip 1344 64 832 64 64 64 
mapchip 1408 64 832 64 64 64 
mapchip 1088 128 832 64 64 64 
mapchip 1152 128 832 64 64 64 
mapchip 1216 128 832 64 64 64 
mapchip 1280 128 832 64 64 64 
mapchip 1344 128 832 64 64 64 
mapchip 1408 128 832 64 64 64 
mapchip 64 640 832 64 64 64 
mapchip 128 640 832 64 64 64 
mapchip 192 640 832 64 64 64 
mapchip 256 640 832 64 64 64 
mapchip 320 640 832 64 64 64 
mapchip 384 640 832 64 64 64 
mapchip 448 640 832 64 64 64 
mapchip 512 640 832 64 64 64 
mapchip 576 640 832 64 64 64 
mapchip 640 640 832 64 64 64 
mapchip 704 640 832 64 64 64 
mapchip 768 640 832 64 64 64 
mapchip 832 640 832 64 64 64 
mapchip 896 640 832 64 64 64 
mapchip 960 640 832 64 64 64 
mapchip 1024 640 832 64 64 64 
mapchip 1088 640 832 64 64 64 
mapchip 1152 640 832 64 64 64 
mapchip 1216 640 832 64 64 64 
mapchip 1280 640 832 64 64 64 
mapchip 1344 640 832 64 64 64 
mapchip 1408 640 832 64 64 64 
mapchip 512 576 832 64 64 64 
mapchip 448 576 832 64 64 64 
mapchip 640 576 832 64 64 64 
mapchip 256 512 832 64 64 64 
mapchip 1216 512 832 64 64 64 
mapchip 1088 576 832 64 64 64 
mapchip 128 448 832 0 64 64 
mapchip 192 448 832 0 64 64 
mapchip 256 448 832 0 64 64 
mapchip 320 448 832 0 64 64 
mapchip 384 448 832 0 64 64 
mapchip 448 448 832 0 64 64 
mapchip 512 448 832 0 64 64 
mapchip 128 512 832 64 64 64 
mapchip 192 512 832 64 64 64 
mapchip 320 512 832 64 64 64 
mapchip 384 512 832 64 64 64 
mapchip 448 512 832 64 64 64 
mapchip 512 512 832 64 64 64 
mapchip 128 576 832 64 64 64 
mapchip 192 576 832 64 64 64 
mapchip 256 576 832 64 64 64 
mapchip 320 576 832 64 64 64 
mapchip 384 576 832 64 64 64 
mapchip 576 576 832 64 64 64 
mapchip 704 576 832 64 64 64 
mapchip 768 576 832 64 64 64 
mapchip 832 576 832 64 64 64 
mapchip 896 576 832 64 64 64 
mapchip 960 576 832 64 64 64 
mapchip 1024 576 832 64 64 64 
mapchip 1152 512 832 64 64 64 
mapchip 1280 512 832 0 64 64 
mapchip 1152 576 832 64 64 64 
mapchip 1216 576 832 64 64 64 
mapchip 1280 576 832 64 64 64 
mapchip 64 512 832 64 64 64 
mapchip 64 576 832 64 64 64 
mapchip 1344 512 832 0 64 64 
mapchip 1408 512 832 0 64 64 
mapchip 1344 576 832 64 64 64 
mapchip 1408 576 832 64 64 64 
mapchip 64 448 832 0 64 64 
mapchip 1024 448 896 576 64 64 
mapchip 640 448 896 576 64 64 
mapchip 1152 448 832 0 64 64 
mapchip 1216 448 832 0 64 64 
mapchip 768 448 896 576 64 64 
mapchip 896 448 896 576 64 64 
mapchip 256 320 512 448 64 64 
mapchip 576 320 512 448 64 64 
mapchip 896 320 512 448 64 64 
mapchip 1216 320 512 448 64 64 
object 576 544 448 1248 32 32 
object 608 544 448 1248 32 32 
object 640 544 448 1248 32 32 
object 672 544 448 1248 32 32 
object 704 544 448 1248 32 32 
object 736 544 448 1248 32 32 
object 768 544 448 1248 32 32 
object 800 544 448 1248 32 32 
object 832 544 448 1248 32 32 
object 864 544 448 1248 32 32 
object 896 544 448 1248 32 32 
object 928 544 448 1248 32 32 
object 960 544 448 1248 32 32 
object 992 544 448 1248 32 32 
object 1024 544 448 1248 32 32 
object 1056 544 448 1248 32 32 
object 1088 544 448 1248 32 32 
object 1120 544 448 1248 32 32 
object 64 384 608 1056 32 32 mansion4.txt,1440,576
object 64 416 608 1088 32 32 mansion4.txt,1440,576
object 1440 480 608 1088 32 32 mansion6.txt,63,320
object 1440 448 608 1056 32 32 mansion6.txt,63,320
object 992 320 160 736 32 32 
object 512 256 416 736 32 32 
object 768 320 416 736 32 32 
object 1344 384 416 736 32 32 
object 448 480 0 576 32 32 
object 288 480 0 576 32 32 
object 768 576 0 576 32 32 
object 960 576 0 576 32 32 
object 1216 480 0 576 32 32 
