name noname
width 40
height 14
background river
bg_image_width 640
bg_image_height 480
bg_offset_x 0
bg_offset_y 0
bg_x_min -999999
bg_x_max 999999
bg_y_min -999999
bg_y_max 999999
bg_translate_rate_x 0
bg_translate_rate_y 0
bgm riverside.mp3 0
mapchip 192 640 640 128 64 64 
mapchip 0 704 640 0 64 64 
mapchip 64 704 640 0 64 64 
mapchip 128 704 640 0 64 64 
mapchip 192 704 640 0 64 64 
mapchip 0 768 640 0 64 64 
mapchip 64 768 640 0 64 64 
mapchip 128 768 640 0 64 64 
mapchip 192 768 640 0 64 64 
mapchip 0 832 640 0 64 64 
mapchip 64 832 640 0 64 64 
mapchip 128 832 640 0 64 64 
mapchip 192 832 640 0 64 64 
mapchip 256 832 640 0 64 64 
mapchip 320 832 640 0 64 64 
mapchip 384 832 640 0 64 64 
mapchip 0 640 576 0 64 64 
mapchip 64 640 576 0 64 64 
mapchip 128 640 576 0 64 64 
mapchip 256 704 192 256 64 64 
mapchip 320 704 192 256 64 64 
mapchip 384 704 192 256 64 64 
mapchip 448 704 192 256 64 64 
mapchip 256 768 192 256 64 64 
mapchip 320 768 192 256 64 64 
mapchip 384 768 192 256 64 64 
mapchip 448 768 192 256 64 64 
mapchip 512 512 192 256 64 64 
mapchip 512 576 192 256 64 64 
mapchip 512 640 192 256 64 64 
mapchip 256 640 192 192 64 64 
mapchip 320 640 192 192 64 64 
mapchip 384 640 192 192 64 64 
mapchip 448 640 192 192 64 64 
mapchip 512 448 192 192 64 64 
mapchip 576 448 192 192 64 64 
mapchip 640 448 192 192 64 64 
mapchip 576 512 640 0 64 64 
mapchip 640 512 640 0 64 64 
mapchip 576 576 640 0 64 64 
mapchip 640 576 640 0 64 64 
mapchip 576 640 640 0 64 64 
mapchip 640 640 640 0 64 64 
mapchip 448 832 640 0 64 64 
mapchip 512 832 640 0 64 64 
mapchip 576 832 640 0 64 64 
mapchip 640 832 640 0 64 64 
mapchip 576 704 640 0 64 64 
mapchip 640 704 640 0 64 64 
mapchip 576 768 640 0 64 64 
mapchip 640 768 640 0 64 64 
mapchip 512 704 192 256 64 64 
mapchip 512 768 192 256 64 64 
mapchip 704 448 576 0 64 64 
mapchip 768 384 576 128 64 64 
mapchip 768 448 640 0 64 64 
mapchip 704 512 640 0 64 64 
mapchip 768 512 640 0 64 64 
mapchip 704 576 640 0 64 64 
mapchip 768 576 640 0 64 64 
mapchip 704 640 640 0 64 64 
mapchip 768 640 640 0 64 64 
mapchip 704 704 640 0 64 64 
mapchip 768 704 640 0 64 64 
mapchip 704 768 640 0 64 64 
mapchip 768 768 640 0 64 64 
mapchip 704 832 640 0 64 64 
mapchip 768 832 640 0 64 64 
mapchip 832 384 640 128 64 64 
mapchip 896 448 192 256 64 64 
mapchip 896 512 192 256 64 64 
mapchip 896 576 192 256 64 64 
mapchip 896 640 192 256 64 64 
mapchip 896 384 192 192 64 64 
mapchip 832 448 640 0 64 64 
mapchip 832 512 640 0 64 64 
mapchip 832 576 640 0 64 64 
mapchip 832 640 640 0 64 64 
mapchip 832 704 640 0 64 64 
mapchip 832 768 640 0 64 64 
mapchip 832 832 640 0 64 64 
mapchip 896 832 640 0 64 64 
mapchip 960 832 640 0 64 64 
mapchip 1024 832 640 0 64 64 
mapchip 1088 832 640 0 64 64 
mapchip 1152 832 640 0 64 64 
mapchip 1088 640 576 128 64 64 
mapchip 960 704 192 192 64 64 
mapchip 1024 704 192 192 64 64 
mapchip 1088 704 640 0 64 64 
mapchip 1152 704 640 0 64 64 
mapchip 1216 704 640 0 64 64 
mapchip 1088 768 640 0 64 64 
mapchip 1152 768 640 0 64 64 
mapchip 1216 768 640 0 64 64 
mapchip 896 704 192 256 64 64 
mapchip 896 768 192 256 64 64 
mapchip 960 768 192 256 64 64 
mapchip 1024 768 192 256 64 64 
mapchip 1152 640 576 0 64 64 
mapchip 1216 640 640 0 64 64 
mapchip 1280 640 640 0 64 64 
mapchip 1344 640 640 0 64 64 
mapchip 1280 704 640 0 64 64 
mapchip 1344 704 640 0 64 64 
mapchip 1280 768 640 0 64 64 
mapchip 1344 768 640 0 64 64 
mapchip 1216 832 640 0 64 64 
mapchip 1280 832 640 0 64 64 
mapchip 1344 832 640 0 64 64 
mapchip 1216 576 576 128 64 64 
mapchip 1280 576 192 192 64 64 
mapchip 1344 576 192 192 64 64 
mapchip 1408 576 192 192 64 64 
mapchip 1408 640 192 256 64 64 
mapchip 1472 640 192 256 64 64 
mapchip 1536 640 192 256 64 64 
mapchip 1408 704 192 256 64 64 
mapchip 1472 704 192 256 64 64 
mapchip 1536 704 192 256 64 64 
mapchip 1472 448 576 128 64 64 
mapchip 1536 448 576 0 64 64 
mapchip 1600 448 576 0 64 64 
mapchip 1472 512 640 0 64 64 
mapchip 1536 512 640 0 64 64 
mapchip 1600 512 640 0 64 64 
mapchip 1472 576 640 0 64 64 
mapchip 1536 576 640 0 64 64 
mapchip 1600 576 640 0 64 64 
mapchip 1408 768 640 0 64 64 
mapchip 1472 768 640 0 64 64 
mapchip 1536 768 640 0 64 64 
mapchip 1600 768 640 0 64 64 
mapchip 1664 768 640 0 64 64 
mapchip 1600 640 640 0 64 64 
mapchip 1664 640 640 0 64 64 
mapchip 1600 704 192 256 64 64 
mapchip 1664 704 192 256 64 64 
mapchip 1728 704 192 256 64 64 
mapchip 1728 576 576 0 64 64 
mapchip 1792 576 192 192 64 64 
mapchip 1728 640 192 256 64 64 
mapchip 1792 640 192 256 64 64 
mapchip 1408 832 640 0 64 64 
mapchip 1472 832 640 0 64 64 
mapchip 1536 832 640 0 64 64 
mapchip 1600 832 640 0 64 64 
mapchip 1664 832 640 0 64 64 
mapchip 1728 832 640 0 64 64 
mapchip 1792 832 640 0 64 64 
mapchip 1664 512 640 128 64 64 
mapchip 1664 576 640 0 64 64 
mapchip 1792 768 640 0 64 64 
mapchip 1856 768 640 0 64 64 
mapchip 1920 768 640 0 64 64 
mapchip 1856 832 640 0 64 64 
mapchip 1920 832 640 0 64 64 
mapchip 1728 768 640 0 64 64 
mapchip 1856 576 192 192 64 64 
mapchip 1920 576 192 192 64 64 
mapchip 1984 576 192 192 64 64 
mapchip 1856 640 192 256 64 64 
mapchip 1920 640 192 256 64 64 
mapchip 1984 640 192 256 64 64 
mapchip 2048 640 192 256 64 64 
mapchip 1792 704 192 256 64 64 
mapchip 1856 704 192 256 64 64 
mapchip 1920 704 192 256 64 64 
mapchip 1984 704 192 256 64 64 
mapchip 2048 704 192 256 64 64 
mapchip 2048 576 192 192 64 64 
mapchip 1984 768 640 0 64 64 
mapchip 2048 768 640 0 64 64 
mapchip 2112 768 640 0 64 64 
mapchip 2176 768 640 0 64 64 
mapchip 2240 768 640 0 64 64 
mapchip 2304 768 640 0 64 64 
mapchip 1984 832 640 0 64 64 
mapchip 2048 832 640 0 64 64 
mapchip 2112 832 640 0 64 64 
mapchip 2176 832 640 0 64 64 
mapchip 2240 832 640 0 64 64 
mapchip 2304 832 640 0 64 64 
mapchip 2112 576 576 128 64 64 
mapchip 2176 576 576 0 64 64 
mapchip 2240 576 576 0 64 64 
mapchip 2304 576 576 0 64 64 
mapchip 2368 576 576 0 64 64 
mapchip 2432 576 576 0 64 64 
mapchip 2496 576 576 0 64 64 
mapchip 2560 576 576 0 64 64 
mapchip 2112 640 640 0 64 64 
mapchip 2176 640 640 0 64 64 
mapchip 2240 640 640 0 64 64 
mapchip 2304 640 640 0 64 64 
mapchip 2368 640 640 0 64 64 
mapchip 2432 640 640 0 64 64 
mapchip 2496 640 640 0 64 64 
mapchip 2112 704 640 0 64 64 
mapchip 2176 704 640 0 64 64 
mapchip 2240 704 640 0 64 64 
mapchip 2304 704 640 0 64 64 
mapchip 2368 704 640 0 64 64 
mapchip 2432 704 640 0 64 64 
mapchip 2496 704 640 0 64 64 
mapchip 2368 768 640 0 64 64 
mapchip 2432 768 640 0 64 64 
mapchip 2496 768 640 0 64 64 
mapchip 2368 832 640 0 64 64 
mapchip 2432 832 640 0 64 64 
mapchip 2496 832 640 0 64 64 
mapchip 2304 512 576 256 64 64 
mapchip 2368 512 576 256 64 64 
mapchip 2432 512 576 256 64 64 
mapchip 2112 512 192 448 64 64 
mapchip 2176 512 192 448 64 64 
mapchip 1536 384 192 448 64 64 
mapchip 1600 384 192 448 64 64 
mapchip 1088 576 192 448 64 64 
mapchip 1152 576 192 448 64 64 
mapchip 192 576 192 448 64 64 
mapchip 768 320 192 448 64 64 
mapchip 832 320 192 448 64 64 
object 0 576 608 1056 32 32 river4.txt,2528,320
object 0 608 608 1088 32 32 river4.txt,2528,320
object 2528 512 608 1056 32 32 boss_room6.txt,0,384
object 2528 544 608 1088 32 32 boss_room6.txt,0,384
object 1504 416 256 928 32 32 mpc_r5
object 928 800 640 576 32 32 
object 1024 736 640 576 32 32 
object 352 672 640 576 32 32 
object 640 480 768 576 32 32 
object 352 800 768 576 32 32 
object 480 800 768 576 32 32 
object 1792 736 768 576 32 32 
object 2048 512 224 1120 32 32 
object 1920 544 224 1120 32 32 
object 1568 320 224 1120 32 32 
object 1504 736 640 608 32 32 
object 1664 736 640 608 32 32 
object 992 800 640 608 32 32 
object 288 800 640 608 32 32 
object 1760 672 640 576 32 32 
object 1504 704 640 576 32 32 
object 1664 352 224 1120 32 32 
object 2432 512 896 1056 32 32 
