name noname
width 40
height 16
background river
bg_image_width 640
bg_image_height 480
bg_offset_x 0
bg_offset_y 0
bg_x_min -999999
bg_x_max 999999
bg_y_min -999999
bg_y_max 999999
bg_translate_rate_x 0
bg_translate_rate_y 0
bgm riverside.mp3 0
mapchip 0 384 576 0 64 64 
mapchip 64 384 576 0 64 64 
mapchip 128 384 576 0 64 64 
mapchip 192 384 640 128 64 64 
mapchip 0 448 640 0 64 64 
mapchip 64 448 640 0 64 64 
mapchip 128 448 640 0 64 64 
mapchip 192 448 640 0 64 64 
mapchip 0 512 640 0 64 64 
mapchip 64 512 640 0 64 64 
mapchip 128 512 640 0 64 64 
mapchip 192 512 640 0 64 64 
mapchip 0 576 640 0 64 64 
mapchip 64 576 640 0 64 64 
mapchip 128 576 576 704 64 64 
mapchip 192 576 640 0 64 64 
mapchip 0 640 640 0 64 64 
mapchip 64 640 640 0 64 64 
mapchip 128 640 640 0 64 64 
mapchip 192 640 640 0 64 64 
mapchip 0 704 640 0 64 64 
mapchip 64 704 640 0 64 64 
mapchip 128 704 640 0 64 64 
mapchip 192 704 640 0 64 64 
mapchip 0 768 640 0 64 64 
mapchip 64 768 640 0 64 64 
mapchip 128 768 640 0 64 64 
mapchip 192 768 640 0 64 64 
mapchip 256 768 640 0 64 64 
mapchip 320 768 640 0 64 64 
mapchip 384 768 640 0 64 64 
mapchip 448 768 640 0 64 64 
mapchip 512 768 640 0 64 64 
mapchip 576 768 640 0 64 64 
mapchip 640 768 640 0 64 64 
mapchip 704 768 640 0 64 64 
mapchip 768 768 640 0 64 64 
mapchip 832 768 640 0 64 64 
mapchip 256 384 192 192 64 64 
mapchip 320 384 192 192 64 64 
mapchip 384 384 192 192 64 64 
mapchip 448 384 192 192 64 64 
mapchip 512 384 576 0 64 64 
mapchip 576 384 576 0 64 64 
mapchip 640 384 576 0 64 64 
mapchip 704 384 192 192 64 64 
mapchip 768 384 192 192 64 64 
mapchip 256 448 192 256 64 64 
mapchip 320 448 192 256 64 64 
mapchip 384 448 192 256 64 64 
mapchip 448 448 192 256 64 64 
mapchip 512 448 192 256 64 64 
mapchip 576 448 640 0 64 64 
mapchip 640 448 640 0 64 64 
mapchip 704 448 192 256 64 64 
mapchip 256 512 192 256 64 64 
mapchip 320 512 192 256 64 64 
mapchip 384 512 192 256 64 64 
mapchip 448 512 192 256 64 64 
mapchip 512 512 192 256 64 64 
mapchip 576 512 192 256 64 64 
mapchip 640 512 192 256 64 64 
mapchip 704 512 192 256 64 64 
mapchip 256 576 192 256 64 64 
mapchip 320 576 192 256 64 64 
mapchip 384 576 192 256 64 64 
mapchip 448 576 192 256 64 64 
mapchip 512 576 192 256 64 64 
mapchip 576 576 192 256 64 64 
mapchip 640 576 192 256 64 64 
mapchip 704 576 192 256 64 64 
mapchip 256 640 192 256 64 64 
mapchip 320 640 192 256 64 64 
mapchip 384 640 192 256 64 64 
mapchip 448 640 192 256 64 64 
mapchip 512 640 192 256 64 64 
mapchip 576 640 192 256 64 64 
mapchip 640 640 192 256 64 64 
mapchip 704 640 192 256 64 64 
mapchip 256 704 640 0 64 64 
mapchip 320 704 192 256 64 64 
mapchip 384 704 192 256 64 64 
mapchip 448 704 192 256 64 64 
mapchip 512 704 192 256 64 64 
mapchip 576 704 192 256 64 64 
mapchip 640 704 192 256 64 64 
mapchip 704 704 640 0 64 64 
mapchip 768 448 192 256 64 64 
mapchip 832 448 192 256 64 64 
mapchip 896 448 192 256 64 64 
mapchip 960 448 192 256 64 64 
mapchip 1024 448 192 256 64 64 
mapchip 1088 448 192 256 64 64 
mapchip 1152 448 192 256 64 64 
mapchip 768 512 192 256 64 64 
mapchip 832 512 192 256 64 64 
mapchip 896 512 192 256 64 64 
mapchip 960 512 192 256 64 64 
mapchip 1024 512 192 256 64 64 
mapchip 1088 512 192 256 64 64 
mapchip 1152 512 192 256 64 64 
mapchip 768 576 192 256 64 64 
mapchip 832 576 192 256 64 64 
mapchip 896 576 192 256 64 64 
mapchip 960 576 192 256 64 64 
mapchip 1024 576 192 256 64 64 
mapchip 1088 576 192 256 64 64 
mapchip 1152 576 192 256 64 64 
mapchip 768 640 640 0 64 64 
mapchip 832 640 640 0 64 64 
mapchip 896 640 192 256 64 64 
mapchip 960 640 192 256 64 64 
mapchip 1024 640 192 256 64 64 
mapchip 1088 640 192 256 64 64 
mapchip 1152 640 192 256 64 64 
mapchip 768 704 640 0 64 64 
mapchip 832 704 640 0 64 64 
mapchip 896 704 192 256 64 64 
mapchip 960 704 192 256 64 64 
mapchip 1024 704 192 256 64 64 
mapchip 1088 704 192 256 64 64 
mapchip 1152 704 192 256 64 64 
mapchip 896 768 640 0 64 64 
mapchip 960 768 640 0 64 64 
mapchip 1024 768 640 0 64 64 
mapchip 1088 768 640 0 64 64 
mapchip 1152 768 640 0 64 64 
mapchip 832 384 192 192 64 64 
mapchip 896 384 192 192 64 64 
mapchip 960 384 256 448 64 64 
mapchip 1024 384 192 192 64 64 
mapchip 1088 384 192 192 64 64 
mapchip 1152 384 192 192 64 64 
mapchip 1216 384 256 448 64 64 
mapchip 1280 384 192 192 64 64 
mapchip 1344 384 192 192 64 64 
mapchip 1408 384 192 192 64 64 
mapchip 1472 384 192 192 64 64 
mapchip 1536 384 192 192 64 64 
mapchip 1600 384 576 0 64 64 
mapchip 1664 384 576 0 64 64 
mapchip 1216 448 192 256 64 64 
mapchip 1280 448 192 256 64 64 
mapchip 1344 448 192 256 64 64 
mapchip 1408 448 192 256 64 64 
mapchip 1472 448 192 256 64 64 
mapchip 1536 448 192 256 64 64 
mapchip 1600 448 640 0 64 64 
mapchip 1664 448 640 0 64 64 
mapchip 1728 448 640 0 64 64 
mapchip 1792 448 640 0 64 64 
mapchip 1216 512 192 256 64 64 
mapchip 1280 512 192 256 64 64 
mapchip 1344 512 192 256 64 64 
mapchip 1408 512 192 256 64 64 
mapchip 1472 512 192 256 64 64 
mapchip 1536 512 192 256 64 64 
mapchip 1600 512 640 0 64 64 
mapchip 1664 512 576 704 64 64 
mapchip 1728 512 640 0 64 64 
mapchip 1792 512 640 0 64 64 
mapchip 1216 576 192 256 64 64 
mapchip 1280 576 192 256 64 64 
mapchip 1344 576 192 256 64 64 
mapchip 1408 576 192 256 64 64 
mapchip 1472 576 192 256 64 64 
mapchip 1536 576 192 256 64 64 
mapchip 1600 576 640 0 64 64 
mapchip 1664 576 640 0 64 64 
mapchip 1728 576 640 0 64 64 
mapchip 1792 576 640 0 64 64 
mapchip 1216 640 192 256 64 64 
mapchip 1280 640 192 256 64 64 
mapchip 1344 640 192 256 64 64 
mapchip 1408 640 192 256 64 64 
mapchip 1472 640 192 256 64 64 
mapchip 1536 640 640 0 64 64 
mapchip 1600 640 640 0 64 64 
mapchip 1664 640 640 0 64 64 
mapchip 1728 640 640 0 64 64 
mapchip 1792 640 640 0 64 64 
mapchip 1216 704 192 256 64 64 
mapchip 1280 704 192 256 64 64 
mapchip 1344 704 192 256 64 64 
mapchip 1408 704 640 0 64 64 
mapchip 1472 704 640 0 64 64 
mapchip 1536 704 640 0 64 64 
mapchip 1600 704 640 0 64 64 
mapchip 1664 704 640 0 64 64 
mapchip 1728 704 640 0 64 64 
mapchip 1792 704 640 0 64 64 
mapchip 1216 768 640 0 64 64 
mapchip 1280 768 640 0 64 64 
mapchip 1344 768 640 0 64 64 
mapchip 1408 768 640 0 64 64 
mapchip 1472 768 640 0 64 64 
mapchip 1536 768 640 0 64 64 
mapchip 1600 768 640 0 64 64 
mapchip 1664 768 640 0 64 64 
mapchip 1216 832 640 0 64 64 
mapchip 1280 832 640 0 64 64 
mapchip 1344 832 640 0 64 64 
mapchip 1408 832 640 0 64 64 
mapchip 1472 832 640 0 64 64 
mapchip 1536 832 640 0 64 64 
mapchip 1600 832 640 0 64 64 
mapchip 1664 832 640 0 64 64 
mapchip 0 832 640 0 64 64 
mapchip 64 832 640 0 64 64 
mapchip 128 832 640 0 64 64 
mapchip 192 832 640 0 64 64 
mapchip 256 832 640 0 64 64 
mapchip 320 832 640 0 64 64 
mapchip 384 832 640 0 64 64 
mapchip 448 832 640 0 64 64 
mapchip 512 832 640 0 64 64 
mapchip 576 832 640 0 64 64 
mapchip 640 832 640 0 64 64 
mapchip 704 832 640 0 64 64 
mapchip 768 832 640 0 64 64 
mapchip 832 832 640 0 64 64 
mapchip 896 832 640 0 64 64 
mapchip 960 832 640 0 64 64 
mapchip 1024 832 640 0 64 64 
mapchip 1088 832 576 704 64 64 
mapchip 1152 832 640 0 64 64 
mapchip 1728 768 640 0 64 64 
mapchip 1792 768 640 0 64 64 
mapchip 1856 768 640 0 64 64 
mapchip 1920 768 640 0 64 64 
mapchip 1984 768 640 0 64 64 
mapchip 2048 768 640 0 64 64 
mapchip 2112 768 640 0 64 64 
mapchip 2176 768 640 0 64 64 
mapchip 2240 768 640 0 64 64 
mapchip 2304 768 640 0 64 64 
mapchip 2368 768 640 0 64 64 
mapchip 2432 768 640 0 64 64 
mapchip 2496 768 640 0 64 64 
mapchip 1728 832 640 0 64 64 
mapchip 1792 832 640 0 64 64 
mapchip 1856 832 640 0 64 64 
mapchip 1920 832 640 0 64 64 
mapchip 1984 832 640 0 64 64 
mapchip 2048 832 640 0 64 64 
mapchip 2112 832 640 0 64 64 
mapchip 2176 832 640 0 64 64 
mapchip 2240 832 640 0 64 64 
mapchip 2304 832 640 0 64 64 
mapchip 2368 832 640 0 64 64 
mapchip 2432 832 640 0 64 64 
mapchip 2496 832 640 0 64 64 
mapchip 2368 384 576 128 64 64 
mapchip 2432 384 576 0 64 64 
mapchip 2496 384 576 0 64 64 
mapchip 2368 448 640 0 64 64 
mapchip 2432 448 640 0 64 64 
mapchip 2496 448 640 0 64 64 
mapchip 2368 512 640 0 64 64 
mapchip 2432 512 640 0 64 64 
mapchip 2496 512 640 0 64 64 
mapchip 2368 576 640 0 64 64 
mapchip 2432 576 640 0 64 64 
mapchip 2496 576 640 0 64 64 
mapchip 2368 640 640 0 64 64 
mapchip 2432 640 576 704 64 64 
mapchip 2496 640 640 0 64 64 
mapchip 2368 704 640 0 64 64 
mapchip 2432 704 640 0 64 64 
mapchip 2496 704 640 0 64 64 
mapchip 1728 384 576 0 64 64 
mapchip 1792 384 576 0 64 64 
mapchip 1856 384 192 192 64 64 
mapchip 1920 384 192 192 64 64 
mapchip 1984 384 192 192 64 64 
mapchip 2048 384 256 448 64 64 
mapchip 2112 384 192 192 64 64 
mapchip 2176 384 192 192 64 64 
mapchip 2240 384 192 192 64 64 
mapchip 2304 384 192 192 64 64 
mapchip 1856 448 192 256 64 64 
mapchip 1920 448 192 256 64 64 
mapchip 1984 448 192 256 64 64 
mapchip 2048 448 192 256 64 64 
mapchip 2112 448 192 256 64 64 
mapchip 2176 448 192 256 64 64 
mapchip 2240 448 192 256 64 64 
mapchip 2304 448 192 256 64 64 
mapchip 1856 512 192 256 64 64 
mapchip 1920 512 192 256 64 64 
mapchip 1984 512 192 256 64 64 
mapchip 2048 512 192 256 64 64 
mapchip 2112 512 192 256 64 64 
mapchip 2176 512 192 256 64 64 
mapchip 2240 512 192 256 64 64 
mapchip 2304 512 192 256 64 64 
mapchip 1856 576 192 256 64 64 
mapchip 1920 576 192 256 64 64 
mapchip 1984 576 192 256 64 64 
mapchip 2048 576 192 256 64 64 
mapchip 2112 576 192 256 64 64 
mapchip 2176 576 192 256 64 64 
mapchip 2240 576 192 256 64 64 
mapchip 2304 576 192 256 64 64 
mapchip 1856 640 640 0 64 64 
mapchip 1920 640 192 256 64 64 
mapchip 1984 640 192 256 64 64 
mapchip 2048 640 192 256 64 64 
mapchip 2112 640 192 256 64 64 
mapchip 2176 640 192 256 64 64 
mapchip 2240 640 192 256 64 64 
mapchip 2304 640 192 256 64 64 
mapchip 1856 704 640 0 64 64 
mapchip 1920 704 192 256 64 64 
mapchip 1984 704 192 256 64 64 
mapchip 2048 704 192 256 64 64 
mapchip 2112 704 192 256 64 64 
mapchip 2176 704 192 256 64 64 
mapchip 2240 704 192 256 64 64 
mapchip 2304 704 640 0 64 64 
mapchip 576 320 576 256 64 64 
mapchip 1728 320 192 512 64 64 
mapchip 1664 320 128 512 64 64 
object 416 288 224 1120 32 32 
object 800 448 224 1120 32 32 
object 864 192 224 1120 32 32 
object 1120 256 224 1120 32 32 
object 1856 288 224 1120 32 32 
object 2080 192 224 1120 32 32 
object 2240 288 224 1120 32 32 
object 512 672 640 576 32 32 
object 768 608 640 576 32 32 
object 992 544 640 576 32 32 
object 1120 640 640 576 32 32 
object 1952 512 640 576 32 32 
object 2176 608 640 576 32 32 
object 2112 672 640 576 32 32 
object 1440 416 640 576 32 32 
object 1312 416 640 576 32 32 
object 1824 352 480 640 32 32 
object 576 736 768 576 32 32 
object 672 736 768 576 32 32 
object 448 736 768 576 32 32 
object 2048 736 768 576 32 32 
object 0 320 608 1056 32 32 river35.txt,2272,256
object 0 352 608 1088 32 32 river35.txt,2272,256
object 2528 352 608 1088 32 32 river4.txt,0,320
object 2528 320 608 1056 32 32 river4.txt,0,320
object 544 352 0 544 32 32 
object 640 352 0 544 32 32 
object 960 320 0 544 32 32 
object 1216 320 0 544 32 32 
object 2048 320 0 544 32 32 
object 2112 736 96 512 32 32 
