name noname
width 42
height 14
background river
bg_image_width 640
bg_image_height 480
bg_offset_x 0
bg_offset_y 0
bg_x_min -999999
bg_x_max 999999
bg_y_min -999999
bg_y_max 999999
bg_translate_rate_x 0
bg_translate_rate_y 0
bgm riverside.mp3 0
mapchip 0 576 576 0 64 64 
mapchip 128 576 640 128 64 64 
mapchip 64 576 576 0 64 64 
mapchip 0 640 640 0 64 64 
mapchip 64 640 640 0 64 64 
mapchip 128 640 640 0 64 64 
mapchip 0 704 640 0 64 64 
mapchip 64 704 640 0 64 64 
mapchip 128 704 640 0 64 64 
mapchip 0 768 640 0 64 64 
mapchip 64 768 640 0 64 64 
mapchip 128 768 640 0 64 64 
mapchip 0 832 640 0 64 64 
mapchip 64 832 640 0 64 64 
mapchip 128 832 640 0 64 64 
mapchip 192 768 640 0 64 64 
mapchip 256 768 640 0 64 64 
mapchip 320 768 640 0 64 64 
mapchip 384 768 640 0 64 64 
mapchip 448 768 640 0 64 64 
mapchip 192 832 640 0 64 64 
mapchip 256 832 640 0 64 64 
mapchip 320 832 640 0 64 64 
mapchip 384 832 640 0 64 64 
mapchip 448 832 576 704 64 64 
mapchip 320 512 704 384 64 64 
mapchip 320 576 704 448 64 64 
mapchip 320 640 704 448 64 64 
mapchip 64 512 448 256 64 64 
mapchip 128 512 448 256 64 64 
mapchip 192 576 192 192 64 64 
mapchip 256 576 192 192 64 64 
mapchip 384 576 192 192 64 64 
mapchip 448 576 192 192 64 64 
mapchip 192 640 192 256 64 64 
mapchip 256 640 192 256 64 64 
mapchip 192 704 192 256 64 64 
mapchip 256 704 192 256 64 64 
mapchip 320 704 704 512 64 64 
mapchip 384 640 192 256 64 64 
mapchip 448 640 192 256 64 64 
mapchip 384 704 192 256 64 64 
mapchip 448 704 192 256 64 64 
mapchip 448 448 704 192 64 64 
mapchip 512 448 704 192 64 64 
mapchip 576 448 704 192 64 64 
mapchip 640 448 640 512 64 64 
mapchip 704 448 704 192 64 64 
mapchip 576 384 704 256 64 64 
mapchip 640 512 704 448 64 64 
mapchip 640 576 704 448 64 64 
mapchip 640 640 704 448 64 64 
mapchip 640 384 768 256 64 64 
mapchip 512 576 192 192 64 64 
mapchip 576 576 192 192 64 64 
mapchip 512 640 192 256 64 64 
mapchip 576 640 192 256 64 64 
mapchip 512 704 192 256 64 64 
mapchip 576 704 192 256 64 64 
mapchip 640 704 704 512 64 64 
mapchip 512 768 640 0 64 64 
mapchip 576 768 640 0 64 64 
mapchip 640 768 640 0 64 64 
mapchip 960 512 704 448 64 64 
mapchip 960 576 704 448 64 64 
mapchip 960 640 704 448 64 64 
mapchip 704 768 640 0 64 64 
mapchip 768 768 640 0 64 64 
mapchip 832 768 640 0 64 64 
mapchip 896 768 640 0 64 64 
mapchip 960 768 640 0 64 64 
mapchip 704 832 640 0 64 64 
mapchip 768 832 640 0 64 64 
mapchip 832 832 640 0 64 64 
mapchip 896 832 640 0 64 64 
mapchip 960 832 640 0 64 64 
mapchip 512 832 640 0 64 64 
mapchip 576 832 640 0 64 64 
mapchip 640 832 640 0 64 64 
mapchip 896 448 704 192 64 64 
mapchip 960 448 640 512 64 64 
mapchip 1024 448 704 192 64 64 
mapchip 1088 448 704 192 64 64 
mapchip 1280 512 704 448 64 64 
mapchip 1280 576 704 448 64 64 
mapchip 1280 640 704 448 64 64 
mapchip 1024 768 640 0 64 64 
mapchip 1088 768 640 0 64 64 
mapchip 1152 768 640 0 64 64 
mapchip 1216 768 640 0 64 64 
mapchip 1024 832 640 0 64 64 
mapchip 1088 832 640 0 64 64 
mapchip 1152 832 640 0 64 64 
mapchip 1216 832 640 0 64 64 
mapchip 704 576 192 192 64 64 
mapchip 768 576 192 192 64 64 
mapchip 832 576 192 192 64 64 
mapchip 896 576 192 192 64 64 
mapchip 704 640 192 256 64 64 
mapchip 768 640 192 256 64 64 
mapchip 832 640 192 256 64 64 
mapchip 896 640 192 256 64 64 
mapchip 704 704 192 256 64 64 
mapchip 768 704 192 256 64 64 
mapchip 832 704 192 256 64 64 
mapchip 896 704 192 256 64 64 
mapchip 960 704 704 512 64 64 
mapchip 1152 448 704 192 64 64 
mapchip 1216 448 704 192 64 64 
mapchip 1280 448 640 512 64 64 
mapchip 1344 448 704 192 64 64 
mapchip 1024 640 192 256 64 64 
mapchip 1088 640 192 256 64 64 
mapchip 1152 640 192 256 64 64 
mapchip 1216 640 192 256 64 64 
mapchip 1024 704 192 256 64 64 
mapchip 1088 704 192 256 64 64 
mapchip 1152 704 192 256 64 64 
mapchip 1216 704 192 256 64 64 
mapchip 1024 576 192 192 64 64 
mapchip 1088 576 192 192 64 64 
mapchip 1152 576 192 192 64 64 
mapchip 1216 576 192 192 64 64 
mapchip 1280 768 640 0 64 64 
mapchip 1344 768 640 0 64 64 
mapchip 1408 768 640 0 64 64 
mapchip 1472 768 640 0 64 64 
mapchip 1536 768 640 0 64 64 
mapchip 1280 832 640 0 64 64 
mapchip 1344 832 640 0 64 64 
mapchip 1408 832 640 0 64 64 
mapchip 1472 832 640 0 64 64 
mapchip 1536 832 640 0 64 64 
mapchip 1600 768 640 0 64 64 
mapchip 1664 768 640 0 64 64 
mapchip 1728 768 640 0 64 64 
mapchip 1792 768 640 0 64 64 
mapchip 1600 832 640 0 64 64 
mapchip 1664 832 640 0 64 64 
mapchip 1728 832 640 0 64 64 
mapchip 1792 832 640 0 64 64 
mapchip 1536 448 704 192 64 64 
mapchip 1600 448 640 512 64 64 
mapchip 1664 448 704 192 64 64 
mapchip 1344 576 192 192 64 64 
mapchip 1408 576 192 192 64 64 
mapchip 1472 576 192 192 64 64 
mapchip 1536 576 192 192 64 64 
mapchip 1600 576 704 448 64 64 
mapchip 1280 704 704 512 64 64 
mapchip 1344 704 192 256 64 64 
mapchip 1408 704 192 256 64 64 
mapchip 1472 704 192 256 64 64 
mapchip 1536 704 192 256 64 64 
mapchip 1600 704 704 512 64 64 
mapchip 1344 640 192 256 64 64 
mapchip 1408 640 192 256 64 64 
mapchip 1472 640 192 256 64 64 
mapchip 1536 640 192 256 64 64 
mapchip 1600 640 704 448 64 64 
mapchip 1664 576 192 192 64 64 
mapchip 1664 640 192 256 64 64 
mapchip 1664 704 192 256 64 64 
mapchip 704 384 320 256 64 64 
mapchip 1600 512 704 448 64 64 
mapchip 1856 448 704 192 64 64 
mapchip 2048 512 704 192 64 64 
mapchip 1728 576 192 192 64 64 
mapchip 1792 576 192 192 64 64 
mapchip 1856 576 192 192 64 64 
mapchip 1920 576 192 192 64 64 
mapchip 1984 576 192 192 64 64 
mapchip 1728 640 192 256 64 64 
mapchip 1792 640 192 256 64 64 
mapchip 1856 640 192 256 64 64 
mapchip 1920 640 192 256 64 64 
mapchip 1984 640 192 256 64 64 
mapchip 1728 704 192 256 64 64 
mapchip 1792 704 192 256 64 64 
mapchip 1856 704 192 256 64 64 
mapchip 1920 704 192 256 64 64 
mapchip 1984 704 192 256 64 64 
mapchip 1856 384 448 256 64 64 
mapchip 2048 448 448 256 64 64 
mapchip 1856 768 640 0 64 64 
mapchip 1920 768 640 0 64 64 
mapchip 1984 768 640 0 64 64 
mapchip 2048 768 640 0 64 64 
mapchip 1856 832 640 0 64 64 
mapchip 1920 832 640 0 64 64 
mapchip 1984 832 576 704 64 64 
mapchip 2048 832 640 0 64 64 
mapchip 2112 768 640 0 64 64 
mapchip 2176 768 640 0 64 64 
mapchip 2240 768 640 0 64 64 
mapchip 2304 768 640 0 64 64 
mapchip 2112 832 640 0 64 64 
mapchip 2176 832 640 0 64 64 
mapchip 2240 832 640 0 64 64 
mapchip 2304 832 640 0 64 64 
mapchip 2240 448 704 192 64 64 
mapchip 2048 576 192 192 64 64 
mapchip 2112 576 192 192 64 64 
mapchip 2176 576 192 192 64 64 
mapchip 2240 576 192 192 64 64 
mapchip 2304 576 192 192 64 64 
mapchip 2048 640 192 256 64 64 
mapchip 2112 640 192 256 64 64 
mapchip 2176 640 192 256 64 64 
mapchip 2240 640 192 256 64 64 
mapchip 2304 640 192 256 64 64 
mapchip 2048 704 192 256 64 64 
mapchip 2112 704 192 256 64 64 
mapchip 2176 704 192 256 64 64 
mapchip 2240 704 192 256 64 64 
mapchip 2304 704 192 256 64 64 
mapchip 2496 576 640 0 64 64 
mapchip 2560 576 640 0 64 64 
mapchip 2624 576 640 0 64 64 
mapchip 2496 640 640 0 64 64 
mapchip 2560 640 640 0 64 64 
mapchip 2624 640 640 0 64 64 
mapchip 2496 448 576 0 64 64 
mapchip 2432 448 576 128 64 64 
mapchip 2560 448 576 0 64 64 
mapchip 2624 448 576 0 64 64 
mapchip 2432 512 640 0 64 64 
mapchip 2496 512 576 704 64 64 
mapchip 2560 512 640 0 64 64 
mapchip 2624 512 640 0 64 64 
mapchip 2432 576 640 0 64 64 
mapchip 2432 640 640 0 64 64 
mapchip 2432 704 192 256 64 64 
mapchip 2496 704 192 256 64 64 
mapchip 2560 704 192 256 64 64 
mapchip 2624 704 640 0 64 64 
mapchip 2432 768 640 0 64 64 
mapchip 2496 768 640 0 64 64 
mapchip 2560 768 640 0 64 64 
mapchip 2624 768 640 0 64 64 
mapchip 2432 832 640 0 64 64 
mapchip 2496 832 640 0 64 64 
mapchip 2560 832 640 0 64 64 
mapchip 2624 832 640 0 64 64 
mapchip 2432 896 448 64 64 64 
mapchip 2496 896 448 64 64 64 
mapchip 2560 896 448 64 64 64 
mapchip 2624 896 448 64 64 64 
mapchip 2368 768 640 0 64 64 
mapchip 2368 832 640 0 64 64 
mapchip 2368 576 192 192 64 64 
mapchip 2368 640 192 256 64 64 
mapchip 2368 704 192 256 64 64 
mapchip 2432 384 320 256 64 64 
mapchip 2496 384 128 512 64 64 
mapchip 2560 384 192 512 64 64 
object 0 512 608 1056 32 32 river2.txt,3040,256
object 0 544 608 1088 32 32 river2.txt,3040,256
object 2592 704 608 1056 32 32 river_bottom.txt,0,192
object 2592 736 608 1088 32 32 river_bottom.txt,0,192
object 2336 736 640 608 32 32 
object 2176 736 640 608 32 32 
object 2144 736 640 608 32 32 
object 1856 736 640 608 32 32 
object 1952 704 640 576 32 32 
object 2656 384 608 1056 32 32 river31.txt,0,512
object 2656 416 608 1088 32 32 river31.txt,0,512
object 2176 640 640 576 32 32 
object 1792 608 640 576 32 32 
object 768 608 640 576 32 32 
object 576 608 640 576 32 32 
object 1056 672 640 576 32 32 
object 768 736 640 608 32 32 
object 896 736 640 608 32 32 
object 448 736 640 608 32 32 
object 1440 736 640 608 32 32 
object 672 416 480 640 32 32 
object 1216 416 544 928 32 32 
object 1056 416 544 928 32 32 
object 1504 736 768 576 32 32 
object 864 736 768 576 32 32 
object 192 736 224 928 32 32 hpc_r3
object 1984 320 480 736 32 32 
object 2176 416 480 736 32 32 
object 2272 288 480 736 32 32 
object 736 736 288 800 32 32 
