name noname
width 42
height 14
background river
bg_image_width 640
bg_image_height 480
bg_offset_x 0
bg_offset_y 0
bg_x_min -999999
bg_x_max 999999
bg_y_min -999999
bg_y_max 999999
bg_translate_rate_x 0
bg_translate_rate_y 0
bgm riverside.mp3 0
mapchip 0 576 576 0 64 64 
mapchip 128 576 640 128 64 64 
mapchip 64 576 576 0 64 64 
mapchip 0 640 640 0 64 64 
mapchip 64 640 640 0 64 64 
mapchip 128 640 640 0 64 64 
mapchip 0 704 640 0 64 64 
mapchip 64 704 640 0 64 64 
mapchip 128 704 576 704 64 64 
mapchip 0 768 640 0 64 64 
mapchip 64 768 640 0 64 64 
mapchip 128 768 640 0 64 64 
mapchip 0 832 640 0 64 64 
mapchip 64 832 640 0 64 64 
mapchip 128 832 640 0 64 64 
mapchip 192 768 640 0 64 64 
mapchip 256 768 640 0 64 64 
mapchip 320 768 640 0 64 64 
mapchip 384 768 640 0 64 64 
mapchip 448 768 640 0 64 64 
mapchip 192 832 640 0 64 64 
mapchip 256 832 640 0 64 64 
mapchip 320 832 640 0 64 64 
mapchip 384 832 640 0 64 64 
mapchip 448 832 640 0 64 64 
mapchip 320 512 640 512 64 64 
mapchip 320 576 704 448 64 64 
mapchip 320 640 704 448 64 64 
mapchip 64 512 128 512 64 64 
mapchip 128 512 192 512 64 64 
mapchip 192 576 192 192 64 64 
mapchip 256 576 192 192 64 64 
mapchip 384 576 192 192 64 64 
mapchip 448 576 192 192 64 64 
mapchip 192 640 192 256 64 64 
mapchip 256 640 192 256 64 64 
mapchip 192 704 640 0 64 64 
mapchip 256 704 192 256 64 64 
mapchip 320 704 704 512 64 64 
mapchip 384 640 192 256 64 64 
mapchip 448 640 192 256 64 64 
mapchip 384 704 192 256 64 64 
mapchip 448 704 192 256 64 64 
mapchip 640 512 640 512 64 64 
mapchip 640 576 704 448 64 64 
mapchip 640 640 704 448 64 64 
mapchip 512 576 192 192 64 64 
mapchip 576 576 192 192 64 64 
mapchip 512 640 192 256 64 64 
mapchip 576 640 192 256 64 64 
mapchip 512 704 192 256 64 64 
mapchip 576 704 192 256 64 64 
mapchip 640 704 704 512 64 64 
mapchip 512 768 640 0 64 64 
mapchip 576 768 640 0 64 64 
mapchip 640 768 640 0 64 64 
mapchip 960 576 192 192 64 64 
mapchip 960 640 192 256 64 64 
mapchip 704 768 640 0 64 64 
mapchip 768 768 640 0 64 64 
mapchip 832 768 640 0 64 64 
mapchip 896 768 640 0 64 64 
mapchip 960 768 640 0 64 64 
mapchip 704 832 640 0 64 64 
mapchip 768 832 640 0 64 64 
mapchip 832 832 640 0 64 64 
mapchip 896 832 576 704 64 64 
mapchip 960 832 640 0 64 64 
mapchip 512 832 640 0 64 64 
mapchip 576 832 640 0 64 64 
mapchip 640 832 640 0 64 64 
mapchip 1280 576 192 192 64 64 
mapchip 1280 640 192 256 64 64 
mapchip 1024 768 640 0 64 64 
mapchip 1088 768 640 0 64 64 
mapchip 1152 768 640 0 64 64 
mapchip 1216 768 640 0 64 64 
mapchip 1024 832 640 0 64 64 
mapchip 1088 832 640 0 64 64 
mapchip 1152 832 640 0 64 64 
mapchip 1216 832 640 0 64 64 
mapchip 704 576 192 192 64 64 
mapchip 768 576 192 192 64 64 
mapchip 832 576 192 192 64 64 
mapchip 896 576 192 192 64 64 
mapchip 704 640 192 256 64 64 
mapchip 768 640 192 256 64 64 
mapchip 832 640 192 256 64 64 
mapchip 896 640 192 256 64 64 
mapchip 704 704 192 256 64 64 
mapchip 768 704 192 256 64 64 
mapchip 832 704 192 256 64 64 
mapchip 896 704 192 256 64 64 
mapchip 960 704 192 256 64 64 
mapchip 1024 640 192 256 64 64 
mapchip 1088 640 192 256 64 64 
mapchip 1152 640 192 256 64 64 
mapchip 1216 640 704 448 64 64 
mapchip 1024 704 192 256 64 64 
mapchip 1088 704 192 256 64 64 
mapchip 1152 704 192 256 64 64 
mapchip 1216 704 704 512 64 64 
mapchip 1024 576 192 192 64 64 
mapchip 1088 576 192 192 64 64 
mapchip 1152 576 192 192 64 64 
mapchip 1216 576 704 448 64 64 
mapchip 1280 768 640 0 64 64 
mapchip 1344 768 640 0 64 64 
mapchip 1408 768 640 0 64 64 
mapchip 1472 768 640 0 64 64 
mapchip 1536 768 640 0 64 64 
mapchip 1280 832 640 0 64 64 
mapchip 1344 832 640 0 64 64 
mapchip 1408 832 640 0 64 64 
mapchip 1472 832 640 0 64 64 
mapchip 1536 832 640 0 64 64 
mapchip 1600 768 640 0 64 64 
mapchip 1664 768 640 0 64 64 
mapchip 1728 768 640 0 64 64 
mapchip 1792 768 640 0 64 64 
mapchip 1600 832 640 0 64 64 
mapchip 1664 832 640 0 64 64 
mapchip 1728 832 640 0 64 64 
mapchip 1792 832 640 0 64 64 
mapchip 1344 576 192 192 64 64 
mapchip 1408 576 192 192 64 64 
mapchip 1472 576 192 192 64 64 
mapchip 1536 576 192 192 64 64 
mapchip 1600 576 192 192 64 64 
mapchip 1280 704 192 256 64 64 
mapchip 1344 704 192 256 64 64 
mapchip 1408 704 192 256 64 64 
mapchip 1472 704 192 256 64 64 
mapchip 1536 704 192 256 64 64 
mapchip 1600 704 192 256 64 64 
mapchip 1344 640 192 256 64 64 
mapchip 1408 640 192 256 64 64 
mapchip 1472 640 192 256 64 64 
mapchip 1536 640 192 256 64 64 
mapchip 1600 640 192 256 64 64 
mapchip 1664 576 192 192 64 64 
mapchip 1664 640 192 256 64 64 
mapchip 1664 704 192 256 64 64 
mapchip 1728 576 192 192 64 64 
mapchip 1792 576 704 448 64 64 
mapchip 1856 576 192 192 64 64 
mapchip 1920 576 192 192 64 64 
mapchip 1984 576 192 192 64 64 
mapchip 1728 640 192 256 64 64 
mapchip 1792 640 704 512 64 64 
mapchip 1856 640 192 256 64 64 
mapchip 1920 640 192 256 64 64 
mapchip 1984 640 192 256 64 64 
mapchip 1728 704 192 256 64 64 
mapchip 1792 704 704 448 64 64 
mapchip 1856 704 192 256 64 64 
mapchip 1920 704 192 256 64 64 
mapchip 1984 704 192 256 64 64 
mapchip 1856 768 640 0 64 64 
mapchip 1920 768 640 0 64 64 
mapchip 1984 768 640 0 64 64 
mapchip 2048 768 640 0 64 64 
mapchip 1856 832 640 0 64 64 
mapchip 1920 832 640 0 64 64 
mapchip 1984 832 576 704 64 64 
mapchip 2048 832 640 0 64 64 
mapchip 2112 768 640 0 64 64 
mapchip 2176 768 640 0 64 64 
mapchip 2240 768 640 0 64 64 
mapchip 2304 768 640 0 64 64 
mapchip 2112 832 640 0 64 64 
mapchip 2176 832 640 0 64 64 
mapchip 2240 832 640 0 64 64 
mapchip 2304 832 640 0 64 64 
mapchip 2048 576 192 192 64 64 
mapchip 2112 576 192 192 64 64 
mapchip 2176 576 192 192 64 64 
mapchip 2240 576 192 192 64 64 
mapchip 2304 576 0 64 64 64 
mapchip 2048 640 192 256 64 64 
mapchip 2112 640 192 256 64 64 
mapchip 2176 640 192 256 64 64 
mapchip 2240 640 192 256 64 64 
mapchip 2304 640 0 64 64 64 
mapchip 2048 704 192 256 64 64 
mapchip 2112 704 192 256 64 64 
mapchip 2176 704 192 256 64 64 
mapchip 2240 704 0 64 64 64 
mapchip 2304 704 0 64 64 64 
mapchip 2496 576 640 0 64 64 
mapchip 2560 576 640 0 64 64 
mapchip 2624 576 640 0 64 64 
mapchip 2496 640 576 704 64 64 
mapchip 2560 640 640 0 64 64 
mapchip 2624 640 640 0 64 64 
mapchip 2496 448 576 0 64 64 
mapchip 2432 448 576 128 64 64 
mapchip 2560 448 576 0 64 64 
mapchip 2624 448 576 0 64 64 
mapchip 2432 512 640 0 64 64 
mapchip 2496 512 640 0 64 64 
mapchip 2560 512 640 0 64 64 
mapchip 2624 512 640 0 64 64 
mapchip 2432 576 640 0 64 64 
mapchip 2432 640 640 0 64 64 
mapchip 2432 704 640 0 64 64 
mapchip 2496 704 640 0 64 64 
mapchip 2560 704 640 0 64 64 
mapchip 2624 704 640 0 64 64 
mapchip 2432 768 640 0 64 64 
mapchip 2496 768 640 0 64 64 
mapchip 2560 768 640 0 64 64 
mapchip 2624 768 640 0 64 64 
mapchip 2432 832 640 0 64 64 
mapchip 2496 832 640 0 64 64 
mapchip 2560 832 640 0 64 64 
mapchip 2624 832 640 0 64 64 
mapchip 2432 896 448 64 64 64 
mapchip 2496 896 448 64 64 64 
mapchip 2560 896 448 64 64 64 
mapchip 2624 896 448 64 64 64 
mapchip 2368 768 640 0 64 64 
mapchip 2368 832 640 0 64 64 
mapchip 2368 576 0 64 64 64 
mapchip 2368 640 640 0 64 64 
mapchip 2368 704 640 0 64 64 
mapchip 2432 384 320 256 64 64 
mapchip 2496 384 128 512 64 64 
mapchip 2560 384 192 512 64 64 
mapchip 1216 512 704 384 64 64 
mapchip 384 512 704 192 64 64 
mapchip 448 512 704 192 64 64 
mapchip 512 512 704 192 64 64 
mapchip 576 512 704 192 64 64 
mapchip 704 512 704 192 64 64 
mapchip 1792 512 640 512 64 64 
mapchip 1856 512 704 192 64 64 
mapchip 2368 512 0 64 64 64 
mapchip 704 448 320 256 64 64 
object 0 512 608 1056 32 32 river3.txt,2656,384
object 0 544 608 1088 32 32 river3.txt,2656,384
object 2656 384 608 1056 32 32 river35.txt,0,128
object 2656 416 608 1088 32 32 river35.txt,0,128
object 896 736 640 608 32 32 
object 448 736 640 608 32 32 
object 1440 736 640 608 32 32 
object 768 512 544 544 32 32 
object 800 512 544 544 32 32 
object 832 512 544 544 32 32 
object 864 512 544 544 32 32 
object 896 512 544 544 32 32 
object 928 512 544 544 32 32 
object 960 512 544 544 32 32 
object 992 512 544 544 32 32 
object 1024 512 544 544 32 32 
object 1056 512 544 544 32 32 
object 1088 512 544 544 32 32 
object 1120 512 544 544 32 32 
object 1152 512 544 544 32 32 
object 1184 512 544 544 32 32 
object 1280 512 544 544 32 32 
object 1312 512 544 544 32 32 
object 1344 512 544 544 32 32 
object 1376 512 544 544 32 32 
object 1408 512 544 544 32 32 
object 1440 512 544 544 32 32 
object 1472 512 544 544 32 32 
object 1504 512 544 544 32 32 
object 1536 512 544 544 32 32 
object 1568 512 544 544 32 32 
object 1600 512 544 544 32 32 
object 1632 512 544 544 32 32 
object 1664 512 544 544 32 32 
object 1696 512 544 544 32 32 
object 1728 512 544 544 32 32 
object 1760 512 544 544 32 32 
object 1056 480 480 1024 32 32 
object 1408 480 480 1024 32 32 
object 1536 480 480 1024 32 32 
object 928 480 480 1024 32 32 
object 1216 480 384 704 32 32 
object 1824 480 384 704 32 32 
object 1600 736 480 640 32 32 
object 1088 736 480 640 32 32 
object 512 640 640 576 32 32 
object 864 640 640 576 32 32 
object 1408 672 640 576 32 32 
object 1056 640 640 576 32 32 
object 864 480 480 1024 32 32 
object 1472 480 480 1024 32 32 
object 512 736 0 544 32 32 
object 384 736 0 544 32 32 
object 800 736 0 544 32 32 
object 992 736 0 544 32 32 
object 2048 736 640 608 32 32 
object 992 480 480 1024 32 32 
object 1344 480 480 1024 32 32 
object 1600 480 480 1024 32 32 
object 1664 480 480 1024 32 32 
object 1728 480 480 1024 32 32 
object 1888 480 576 512 32 32 53
object 1536 320 480 736 32 32 
object 1632 384 480 736 32 32 
object 960 480 0 544 32 32 
object 1440 480 0 544 32 32 
object 1632 480 0 544 32 32 
