name noname
width 32
height 12
background school
bg_image_width 640
bg_image_height 480
bg_offset_x 96
bg_offset_y 256
bg_x_min -999999
bg_x_max 999999
bg_y_min -999999
bg_y_max 999999
bg_translate_rate_x 1
bg_translate_rate_y 1
bgm dailylife2.mp3 5.24
mapchip 0 704 0 64 64 64 
mapchip 64 704 0 64 64 64 
mapchip 128 704 0 64 64 64 
mapchip 192 704 0 64 64 64 
mapchip 256 704 0 64 64 64 
mapchip 320 704 0 64 64 64 
mapchip 384 704 0 64 64 64 
mapchip 448 704 0 64 64 64 
mapchip 512 704 0 64 64 64 
mapchip 576 704 0 64 64 64 
mapchip 640 704 0 64 64 64 
mapchip 704 704 0 64 64 64 
mapchip 768 704 0 64 64 64 
mapchip 832 704 0 64 64 64 
mapchip 896 704 0 64 64 64 
mapchip 960 704 0 64 64 64 
mapchip 1024 704 0 64 64 64 
mapchip 1088 704 0 64 64 64 
mapchip 1152 704 0 64 64 64 
mapchip 1216 704 0 64 64 64 
mapchip 1280 704 0 64 64 64 
mapchip 1344 704 0 64 64 64 
mapchip 1408 704 0 64 64 64 
mapchip 1472 704 0 64 64 64 
mapchip 1536 704 0 64 64 64 
mapchip 1600 704 0 64 64 64 
mapchip 1664 704 0 64 64 64 
mapchip 1728 704 0 64 64 64 
mapchip 1792 704 0 64 64 64 
mapchip 1856 704 0 64 64 64 
mapchip 0 320 0 64 64 64 
mapchip 0 384 0 64 64 64 
mapchip 0 448 0 64 64 64 
mapchip 0 512 0 64 64 64 
mapchip 0 576 0 64 64 64 
mapchip 0 640 0 64 64 64 
mapchip 0 64 0 64 64 64 
mapchip 0 128 0 64 64 64 
mapchip 0 192 0 64 64 64 
mapchip 0 256 0 64 64 64 
mapchip 64 640 0 0 64 64 
mapchip 128 640 0 0 64 64 
mapchip 192 640 0 0 64 64 
mapchip 256 640 0 0 64 64 
mapchip 320 640 0 0 64 64 
mapchip 384 640 0 0 64 64 
mapchip 448 640 0 0 64 64 
mapchip 512 640 0 0 64 64 
mapchip 576 640 0 0 64 64 
mapchip 640 640 0 0 64 64 
mapchip 704 576 0 128 64 64 
mapchip 704 640 0 0 64 64 
mapchip 768 640 0 0 64 64 
mapchip 832 640 0 0 64 64 
mapchip 896 640 0 0 64 64 
mapchip 960 640 0 0 64 64 
mapchip 1024 640 0 0 64 64 
mapchip 1088 640 0 0 64 64 
mapchip 1152 640 0 0 64 64 
mapchip 1408 640 0 0 64 64 
mapchip 1472 640 0 0 64 64 
mapchip 1472 576 128 64 64 64 
mapchip 1536 640 0 0 64 64 
mapchip 1600 640 0 0 64 64 
mapchip 1664 640 0 0 64 64 
mapchip 1728 640 0 0 64 64 
mapchip 1792 640 0 0 64 64 
mapchip 1856 640 0 0 64 64 
mapchip 1920 640 0 0 64 64 
mapchip 1920 704 0 64 64 64 
mapchip 1984 704 0 64 64 64 
mapchip 1984 320 0 64 64 64 
mapchip 1984 384 0 64 64 64 
mapchip 1984 448 0 64 64 64 
mapchip 1984 512 0 64 64 64 
mapchip 1984 576 0 64 64 64 
mapchip 1984 640 0 64 64 64 
mapchip 1984 0 0 64 64 64 
mapchip 1984 64 0 64 64 64 
mapchip 1984 128 0 64 64 64 
mapchip 1984 192 0 64 64 64 
mapchip 1984 256 0 64 64 64 
mapchip 0 0 0 64 64 64 
mapchip 384 512 0 256 64 64 
mapchip 448 512 64 256 64 64 
mapchip 960 320 0 64 64 64 
mapchip 1024 320 0 64 64 64 
mapchip 1088 320 0 64 64 64 
mapchip 128 320 0 64 64 64 
mapchip 192 320 0 64 64 64 
mapchip 256 320 0 64 64 64 
mapchip 320 320 0 64 64 64 
mapchip 384 320 0 64 64 64 
mapchip 448 320 0 64 64 64 
mapchip 64 320 0 64 64 64 
mapchip 512 320 0 64 64 64 
mapchip 576 320 0 64 64 64 
mapchip 640 320 0 64 64 64 
mapchip 704 320 0 64 64 64 
mapchip 768 320 0 64 64 64 
mapchip 832 320 0 64 64 64 
mapchip 896 320 0 64 64 64 
mapchip 1344 320 192 64 64 64 
mapchip 1408 320 192 64 64 64 
mapchip 1472 320 192 64 64 64 
mapchip 1536 320 192 64 64 64 
mapchip 1600 320 192 64 64 64 
mapchip 1664 320 0 64 64 64 
mapchip 1728 320 0 64 64 64 
mapchip 1792 320 0 64 64 64 
mapchip 1856 320 0 64 64 64 
mapchip 1920 320 0 64 64 64 
mapchip 64 256 0 64 64 64 
mapchip 128 256 0 64 64 64 
mapchip 192 256 0 64 64 64 
mapchip 256 256 0 64 64 64 
mapchip 320 256 0 64 64 64 
mapchip 384 256 0 64 64 64 
mapchip 448 256 0 64 64 64 
mapchip 512 256 0 64 64 64 
mapchip 576 256 0 64 64 64 
mapchip 640 256 0 64 64 64 
mapchip 704 256 0 64 64 64 
mapchip 768 256 0 64 64 64 
mapchip 832 256 0 64 64 64 
mapchip 896 256 0 64 64 64 
mapchip 960 256 0 64 64 64 
mapchip 1024 256 0 64 64 64 
mapchip 1088 256 0 64 64 64 
mapchip 1152 256 0 64 64 64 
mapchip 1664 256 0 64 64 64 
mapchip 1728 256 0 64 64 64 
mapchip 1792 256 0 64 64 64 
mapchip 1856 256 0 64 64 64 
mapchip 1920 256 0 64 64 64 
mapchip 192 576 0 128 64 64 
mapchip 1664 576 64 192 64 64 
mapchip 768 576 0 128 64 64 
mapchip 256 576 0 128 64 64 
mapchip 448 576 0 320 64 64 
mapchip 1216 640 0 0 64 64 
mapchip 1280 640 0 0 64 64 
mapchip 1344 640 0 0 64 64 
mapchip 1280 512 128 64 64 64 
mapchip 1344 512 128 64 64 64 
mapchip 1280 576 128 64 64 64 
mapchip 1344 576 128 64 64 64 
mapchip 1408 576 128 64 64 64 
mapchip 1536 576 128 64 64 64 
mapchip 1664 64 0 64 64 64 
mapchip 1664 128 0 64 64 64 
mapchip 1664 192 0 64 64 64 
mapchip 1344 64 0 64 64 64 
mapchip 1408 64 0 64 64 64 
mapchip 1472 64 0 64 64 64 
mapchip 1536 64 0 64 64 64 
mapchip 1600 64 0 64 64 64 
mapchip 1728 64 0 64 64 64 
mapchip 1792 64 0 64 64 64 
mapchip 1728 128 0 64 64 64 
mapchip 1792 128 0 64 64 64 
mapchip 1728 192 0 64 64 64 
mapchip 1792 192 0 64 64 64 
mapchip 1344 0 0 64 64 64 
mapchip 1408 0 0 64 64 64 
mapchip 1472 0 0 64 64 64 
mapchip 1536 0 0 64 64 64 
mapchip 1600 0 0 64 64 64 
mapchip 1664 0 0 64 64 64 
mapchip 1728 0 0 64 64 64 
mapchip 1792 0 0 64 64 64 
mapchip 1088 0 0 64 64 64 
mapchip 1152 0 0 64 64 64 
mapchip 1216 0 0 64 64 64 
mapchip 1280 0 0 64 64 64 
mapchip 1088 64 0 64 64 64 
mapchip 1152 64 0 64 64 64 
mapchip 1216 64 0 64 64 64 
mapchip 1280 64 0 64 64 64 
mapchip 1088 128 0 64 64 64 
mapchip 1152 128 0 64 64 64 
mapchip 1088 192 0 64 64 64 
mapchip 1152 192 0 64 64 64 
mapchip 1280 448 128 64 64 64 
mapchip 256 384 256 512 64 64 
mapchip 576 384 256 512 64 64 
mapchip 896 384 256 512 64 64 
mapchip 1216 128 256 512 64 64 
mapchip 1536 128 256 512 64 64 
mapchip 1856 384 256 512 64 64 
mapchip 1216 576 768 320 64 64 ブロックを壊しすぎたときは\n前の部屋に一度戻ろう
mapchip 1536 256 768 320 64 64 こちら更衣室
object 1952 576 544 512 32 32 boss_room1.txt,64,320
object 1952 608 544 512 32 32 boss_room1.txt,64,320
object 64 576 544 512 32 32 rouka25.txt,1952,576
object 64 608 544 512 32 32 rouka25.txt,1952,576
object 1216 512 384 544 32 32 
object 1248 512 384 544 32 32 coin
object 1152 544 384 544 32 32 coin
object 1184 544 384 544 32 32 
object 1216 544 384 544 32 32 coin
object 1248 544 384 544 32 32 
object 1152 576 384 544 32 32 
object 1184 576 384 544 32 32 coin
object 1216 576 384 544 32 32 
object 1248 576 384 544 32 32 
object 1152 608 384 544 32 32 coin
object 1184 608 384 544 32 32 
object 1216 608 384 544 32 32 
object 1248 608 384 544 32 32 card,4
object 576 608 384 544 32 32 
object 608 608 384 544 32 32 
object 1216 448 384 544 32 32 
object 1248 448 384 544 32 32 coin
object 1216 480 384 544 32 32 coin
object 1248 480 384 544 32 32 
object 1216 416 384 544 32 32 coin
object 1248 416 384 544 32 32 
object 1280 416 384 544 32 32 
object 1312 416 384 544 32 32 
object 928 576 384 544 32 32 
object 928 608 384 544 32 32 
object 384 576 0 768 32 32 
object 544 576 0 768 32 32 
object 1472 256 0 1024 32 32 
object 1472 512 0 1024 32 32 
object 1024 576 0 1024 32 32 
object 1760 576 0 1152 32 32 
object 1280 384 384 544 32 32 
object 1312 384 384 544 32 32 
object 800 544 384 704 32 32 
object 256 544 0 544 32 32 
object 416 608 0 544 32 32 
object 736 544 0 544 32 32 
object 1056 608 0 544 32 32 
object 1728 608 0 544 32 32 
object 1376 288 0 544 32 32 
object 1408 288 0 544 32 32 
object 1632 288 544 512 32 32 rouka35.txt,64,320
object 1632 256 544 512 32 32 rouka35.txt,64,320
object 1472 288 576 512 32 32 10
