name noname
width 24
height 14
background cave
bg_image_width 640
bg_image_height 480
bg_offset_x 0
bg_offset_y 0
bg_x_min -999999
bg_x_max 999999
bg_y_min -999999
bg_y_max 999999
bg_translate_rate_x 0
bg_translate_rate_y 0
bgm grassland.mp3 5.24
mapchip 64 448 256 64 64 64 
mapchip 0 192 256 0 64 64 
mapchip 0 256 256 0 64 64 
mapchip 0 320 256 0 64 64 
mapchip 0 384 256 0 64 64 
mapchip 0 448 256 0 64 64 
mapchip 0 0 256 0 64 64 
mapchip 0 64 256 0 64 64 
mapchip 0 128 256 0 64 64 
mapchip 128 448 256 64 64 64 
mapchip 192 448 256 64 64 64 
mapchip 0 512 256 0 64 64 
mapchip 64 512 256 0 64 64 
mapchip 128 512 256 0 64 64 
mapchip 192 512 256 0 64 64 
mapchip 256 512 256 64 64 64 
mapchip 320 512 256 64 64 64 
mapchip 384 512 256 0 64 64 
mapchip 448 512 256 0 64 64 
mapchip 0 576 256 0 64 64 
mapchip 64 576 256 0 64 64 
mapchip 128 576 256 0 64 64 
mapchip 192 576 256 0 64 64 
mapchip 256 576 256 0 64 64 
mapchip 320 576 256 0 64 64 
mapchip 384 576 256 0 64 64 
mapchip 448 576 256 0 64 64 
mapchip 384 448 256 64 64 64 
mapchip 448 448 256 64 64 64 
mapchip 512 384 256 64 64 64 
mapchip 576 448 256 64 64 64 
mapchip 512 448 256 0 64 64 
mapchip 512 512 256 0 64 64 
mapchip 512 576 256 0 64 64 
mapchip 576 512 256 0 64 64 
mapchip 576 576 256 0 64 64 
mapchip 64 0 256 0 64 64 
mapchip 128 0 256 0 64 64 
mapchip 192 0 256 0 64 64 
mapchip 256 64 256 0 64 64 
mapchip 256 0 256 0 64 64 
mapchip 320 0 256 0 64 64 
mapchip 384 0 256 0 64 64 
mapchip 448 0 256 0 64 64 
mapchip 512 64 256 0 64 64 
mapchip 512 0 256 0 64 64 
mapchip 576 0 256 0 64 64 
mapchip 576 64 256 0 64 64 
mapchip 640 64 256 0 64 64 
mapchip 640 128 256 0 64 64 
mapchip 704 64 256 0 64 64 
mapchip 704 128 256 0 64 64 
mapchip 704 192 256 0 64 64 
mapchip 640 0 256 0 64 64 
mapchip 704 0 256 0 64 64 
mapchip 768 0 256 0 64 64 
mapchip 832 0 256 0 64 64 
mapchip 896 0 256 0 64 64 
mapchip 768 64 256 0 64 64 
mapchip 832 64 256 0 64 64 
mapchip 768 128 256 0 64 64 
mapchip 640 448 256 64 64 64 
mapchip 704 448 256 64 64 64 
mapchip 768 448 256 64 64 64 
mapchip 896 64 256 0 64 64 
mapchip 896 128 256 0 64 64 
mapchip 960 192 256 0 64 64 
mapchip 1024 64 256 0 64 64 
mapchip 1088 64 256 0 64 64 
mapchip 1024 128 256 0 64 64 
mapchip 1088 128 256 0 64 64 
mapchip 960 0 256 0 64 64 
mapchip 1024 0 256 0 64 64 
mapchip 1088 0 256 0 64 64 
mapchip 1152 0 256 0 64 64 
mapchip 960 64 256 0 64 64 
mapchip 1152 64 256 0 64 64 
mapchip 960 128 256 0 64 64 
mapchip 1152 128 256 0 64 64 
mapchip 1024 192 256 0 64 64 
mapchip 1088 192 256 0 64 64 
mapchip 1152 192 256 0 64 64 
mapchip 832 384 256 64 64 64 
mapchip 896 384 256 64 64 64 
mapchip 640 512 256 0 64 64 
mapchip 704 512 256 0 64 64 
mapchip 768 512 256 0 64 64 
mapchip 640 576 256 0 64 64 
mapchip 704 576 256 0 64 64 
mapchip 768 576 256 0 64 64 
mapchip 832 448 256 0 64 64 
mapchip 896 448 256 0 64 64 
mapchip 832 512 256 0 64 64 
mapchip 896 512 256 0 64 64 
mapchip 832 576 256 0 64 64 
mapchip 896 576 256 0 64 64 
mapchip 960 384 256 0 64 64 
mapchip 1024 384 256 0 64 64 
mapchip 1088 384 256 0 64 64 
mapchip 1152 384 256 0 64 64 
mapchip 960 448 256 0 64 64 
mapchip 1024 448 256 0 64 64 
mapchip 1088 448 256 0 64 64 
mapchip 1152 448 256 0 64 64 
mapchip 960 512 256 0 64 64 
mapchip 1024 512 256 0 64 64 
mapchip 1088 512 256 0 64 64 
mapchip 1152 512 256 0 64 64 
mapchip 960 576 256 0 64 64 
mapchip 1024 576 256 0 64 64 
mapchip 1088 576 256 0 64 64 
mapchip 1152 576 256 0 64 64 
mapchip 960 320 256 64 64 64 
mapchip 1024 320 256 64 64 64 
mapchip 1088 320 256 64 64 64 
mapchip 1152 320 256 64 64 64 
mapchip 1216 384 256 64 64 64 
mapchip 1216 0 256 0 64 64 
mapchip 1280 0 256 0 64 64 
mapchip 1216 64 256 0 64 64 
mapchip 1280 64 256 0 64 64 
mapchip 1216 128 256 0 64 64 
mapchip 1280 128 256 0 64 64 
mapchip 1216 448 256 0 64 64 
mapchip 1280 448 256 64 64 64 
mapchip 1344 448 256 64 64 64 
mapchip 1216 512 256 0 64 64 
mapchip 1280 512 256 0 64 64 
mapchip 1344 512 256 0 64 64 
mapchip 1216 576 256 0 64 64 
mapchip 1280 576 256 0 64 64 
mapchip 1344 576 256 0 64 64 
mapchip 1408 448 256 0 64 64 
mapchip 1408 384 256 64 64 64 
mapchip 1472 384 256 0 64 64 
mapchip 1344 0 256 0 64 64 
mapchip 1408 0 256 0 64 64 
mapchip 1472 0 256 0 64 64 
mapchip 1344 64 256 0 64 64 
mapchip 1408 64 256 0 64 64 
mapchip 1472 64 256 0 64 64 
mapchip 1472 256 256 0 64 64 
mapchip 1472 320 256 0 64 64 
mapchip 1472 448 256 0 64 64 
mapchip 1472 512 256 0 64 64 
mapchip 1472 576 256 0 64 64 
mapchip 1472 128 256 0 64 64 
mapchip 1472 192 256 0 64 64 
mapchip 1408 512 256 0 64 64 
mapchip 1408 576 256 0 64 64 
mapchip 256 448 256 128 64 64 
mapchip 704 384 256 128 64 64 
mapchip 768 384 256 128 64 64 
mapchip 576 384 576 832 64 64 
mapchip 320 448 576 832 64 64 
mapchip 1280 384 576 832 64 64 
mapchip 1344 384 576 832 64 64 
object 64 384 608 1056 32 32 load3.txt,2208,640
object 64 416 608 1088 32 32 load3.txt,2208,640
object 1280 416 0 544 32 32 
object 1056 288 0 544 32 32 
object 544 352 0 544 32 32 
object 320 480 480 704 32 32 
object 448 416 480 704 32 32 
object 1024 288 480 704 32 32 
object 1120 288 480 704 32 32 
object 1312 416 96 512 32 32 
object 1440 352 224 928 32 32 hpc_ug1
object 832 352 480 704 32 32 
billboard 352 384 0 0 96 160 0.75 1 images\cave.bmp
billboard 608 352 0 0 96 160 0.75 1 images\cave.bmp
billboard 768 384 96 0 64 96 0.75 1 images\cave.bmp
billboard 288 128 128 96 32 64 1 1 images\cave.bmp
billboard 448 64 128 96 32 64 1 1 images\cave.bmp
billboard 640 192 128 96 32 64 1 1 images\cave.bmp
billboard 896 192 128 96 32 64 1 1 images\cave.bmp
billboard 128 64 128 96 32 64 1 1 images\cave.bmp
billboard 96 64 128 96 32 64 1 1 images\cave.bmp
billboard 224 64 128 128 32 32 1 1 images\cave.bmp
billboard 352 64 128 128 32 32 1 1 images\cave.bmp
billboard 1312 384 96 0 64 96 0.75 1 images\cave.bmp
billboard 128 384 96 0 64 96 0.75 1 images\cave.bmp
