name noname
width 14
height 9
background downtown
bg_image_width 640
bg_image_height 480
bg_offset_x 0
bg_offset_y -40
bg_x_min -999999
bg_x_max 999999
bg_y_min -999999
bg_y_max 999999
bg_translate_rate_x 0
bg_translate_rate_y 0.2
bgm city.mp3 0
mapchip 0 512 448 0 64 64 
mapchip 64 512 448 0 64 64 
mapchip 128 512 448 0 64 64 
mapchip 192 512 448 0 64 64 
mapchip 256 512 448 0 64 64 
mapchip 320 512 448 0 64 64 
mapchip 384 512 448 0 64 64 
mapchip 448 512 448 0 64 64 
mapchip 512 512 448 0 64 64 
mapchip 576 512 448 0 64 64 
mapchip 640 512 448 0 64 64 
mapchip 704 512 448 0 64 64 
mapchip 768 512 448 0 64 64 
mapchip 832 512 448 0 64 64 
mapchip 384 448 448 192 64 64 
mapchip 0 448 448 256 64 64 
mapchip 64 448 448 256 64 64 
mapchip 128 448 704 128 64 64 
mapchip 704 448 448 256 64 64 
mapchip 768 448 448 256 64 64 
mapchip 832 448 448 256 64 64 
mapchip 640 384 704 0 64 64 
mapchip 640 448 704 64 64 64 
mapchip 192 448 704 64 64 64 
mapchip 192 384 704 0 64 64 
mapchip 512 384 704 0 64 64 
mapchip 512 448 704 64 64 64 
mapchip 448 448 512 192 64 64 
object 0 448 608 1056 32 32 downtown9.txt,4064,256
object 0 480 608 1088 32 32 downtown9.txt,4064,256
object 128 448 288 800 32 32 
object 512 448 0 256 32 32 
object 192 384 96 512 32 32 
object 224 416 96 512 32 32 
object 224 384 0 544 32 32 
object 192 416 0 544 32 32 
object 384 160 32 960 32 32 5
object 384 192 32 960 32 32 5
object 384 224 32 960 32 32 5
object 384 256 32 960 32 32 5
object 384 288 32 960 32 32 5
object 384 320 32 960 32 32 5
object 384 352 32 960 32 32 5
object 384 384 32 960 32 32 5
object 384 416 32 960 32 32 5
object 384 448 32 960 32 32 5
object 864 448 608 1056 32 32 garden1.txt,0,768
object 864 480 608 1088 32 32 garden1.txt,0,768
