name noname
width 28
height 9
background school
bg_image_width 640
bg_image_height 480
bg_offset_x 0
bg_offset_y 0
bg_x_min -999999
bg_x_max 999999
bg_y_min -999999
bg_y_max 999999
bg_translate_rate_x 1
bg_translate_rate_y 1
bgm none 0
mapchip 0 448 0 64 64 64 
mapchip 64 448 0 0 64 64 
mapchip 128 448 0 0 64 64 
mapchip 192 448 0 0 64 64 
mapchip 256 448 0 0 64 64 
mapchip 320 448 0 0 64 64 
mapchip 384 448 0 0 64 64 
mapchip 448 448 0 64 64 64 
mapchip 512 448 0 64 64 64 
mapchip 576 448 0 0 64 64 
mapchip 640 448 0 0 64 64 
mapchip 704 448 0 0 64 64 
mapchip 768 448 0 0 64 64 
mapchip 832 448 0 0 64 64 
mapchip 896 448 0 0 64 64 
mapchip 960 448 0 0 64 64 
mapchip 1024 448 0 64 64 64 
mapchip 1088 448 0 64 64 64 
mapchip 0 512 0 64 64 64 
mapchip 64 512 0 64 64 64 
mapchip 128 512 0 64 64 64 
mapchip 192 512 0 64 64 64 
mapchip 256 512 0 64 64 64 
mapchip 320 512 0 64 64 64 
mapchip 384 512 0 64 64 64 
mapchip 448 512 0 64 64 64 
mapchip 512 512 0 64 64 64 
mapchip 576 512 0 64 64 64 
mapchip 640 512 0 64 64 64 
mapchip 704 512 0 64 64 64 
mapchip 768 512 0 64 64 64 
mapchip 832 512 0 64 64 64 
mapchip 896 512 0 64 64 64 
mapchip 960 512 0 64 64 64 
mapchip 1024 512 0 64 64 64 
mapchip 1088 512 0 64 64 64 
mapchip 1152 512 0 64 64 64 
mapchip 1216 512 0 64 64 64 
mapchip 1280 512 0 64 64 64 
mapchip 1344 512 0 64 64 64 
mapchip 1408 512 0 64 64 64 
mapchip 1472 512 0 64 64 64 
mapchip 1536 512 0 64 64 64 
mapchip 1600 512 0 64 64 64 
mapchip 1664 512 0 64 64 64 
mapchip 1152 448 0 64 64 64 
mapchip 1216 448 0 0 64 64 
mapchip 1280 448 0 0 64 64 
mapchip 1344 448 0 0 64 64 
mapchip 1408 448 0 0 64 64 
mapchip 1472 448 0 0 64 64 
mapchip 1536 448 0 0 64 64 
mapchip 1600 448 0 0 64 64 
mapchip 1664 448 0 64 64 64 
mapchip 1664 0 0 64 64 64 
mapchip 1664 64 0 64 64 64 
mapchip 1664 128 0 64 64 64 
mapchip 1664 192 0 64 64 64 
mapchip 1664 256 0 64 64 64 
mapchip 1664 320 0 64 64 64 
mapchip 1664 384 0 64 64 64 
mapchip 0 0 0 64 64 64 
mapchip 0 64 0 64 64 64 
mapchip 0 128 0 64 64 64 
mapchip 0 192 0 64 64 64 
mapchip 0 256 0 64 64 64 
mapchip 0 320 0 64 64 64 
mapchip 0 384 0 64 64 64 
mapchip 64 0 0 64 64 64 
mapchip 128 0 0 64 64 64 
mapchip 192 0 0 64 64 64 
mapchip 256 0 0 64 64 64 
mapchip 320 0 0 64 64 64 
mapchip 384 0 0 64 64 64 
mapchip 448 0 0 64 64 64 
mapchip 512 0 0 64 64 64 
mapchip 576 0 0 64 64 64 
mapchip 640 0 0 64 64 64 
mapchip 704 0 0 64 64 64 
mapchip 768 0 0 64 64 64 
mapchip 832 0 0 64 64 64 
mapchip 896 0 0 64 64 64 
mapchip 960 0 0 64 64 64 
mapchip 1024 0 0 64 64 64 
mapchip 1088 0 0 64 64 64 
mapchip 1152 0 0 64 64 64 
mapchip 1216 0 0 64 64 64 
mapchip 1280 0 0 64 64 64 
mapchip 1344 0 0 64 64 64 
mapchip 1408 0 0 64 64 64 
mapchip 1472 0 0 64 64 64 
mapchip 1536 0 0 64 64 64 
mapchip 1600 0 0 64 64 64 
mapchip 64 64 448 384 64 64 
mapchip 128 64 448 384 64 64 
mapchip 192 64 448 384 64 64 
mapchip 256 64 448 384 64 64 
mapchip 320 64 448 384 64 64 
mapchip 384 64 448 384 64 64 
mapchip 448 64 448 384 64 64 
mapchip 512 64 448 384 64 64 
mapchip 576 64 448 384 64 64 
mapchip 640 64 448 384 64 64 
mapchip 704 64 448 384 64 64 
mapchip 768 64 448 384 64 64 
mapchip 832 64 448 384 64 64 
mapchip 896 64 448 384 64 64 
mapchip 64 128 448 384 64 64 
mapchip 128 128 448 384 64 64 
mapchip 192 128 448 384 64 64 
mapchip 256 128 448 384 64 64 
mapchip 320 128 448 384 64 64 
mapchip 384 128 448 384 64 64 
mapchip 448 128 448 384 64 64 
mapchip 512 128 448 384 64 64 
mapchip 576 128 448 384 64 64 
mapchip 640 128 448 384 64 64 
mapchip 704 128 448 384 64 64 
mapchip 768 128 448 384 64 64 
mapchip 832 128 448 384 64 64 
mapchip 896 128 448 384 64 64 
mapchip 64 192 448 384 64 64 
mapchip 128 192 448 384 64 64 
mapchip 192 192 448 384 64 64 
mapchip 256 192 448 384 64 64 
mapchip 320 192 448 384 64 64 
mapchip 384 192 448 384 64 64 
mapchip 448 192 448 384 64 64 
mapchip 512 192 448 384 64 64 
mapchip 576 192 448 384 64 64 
mapchip 640 192 448 384 64 64 
mapchip 704 192 448 384 64 64 
mapchip 768 192 448 384 64 64 
mapchip 832 192 448 384 64 64 
mapchip 896 192 448 384 64 64 
mapchip 64 256 448 384 64 64 
mapchip 128 256 448 384 64 64 
mapchip 192 256 448 384 64 64 
mapchip 256 256 448 384 64 64 
mapchip 320 256 448 384 64 64 
mapchip 384 256 448 384 64 64 
mapchip 448 256 448 384 64 64 
mapchip 512 256 448 384 64 64 
mapchip 576 256 448 384 64 64 
mapchip 640 256 448 384 64 64 
mapchip 704 256 448 384 64 64 
mapchip 768 256 448 384 64 64 
mapchip 832 256 448 384 64 64 
mapchip 896 256 448 384 64 64 
mapchip 64 320 448 384 64 64 
mapchip 128 320 448 384 64 64 
mapchip 192 320 448 384 64 64 
mapchip 256 320 448 384 64 64 
mapchip 320 320 448 384 64 64 
mapchip 384 320 448 384 64 64 
mapchip 448 320 448 384 64 64 
mapchip 512 320 448 384 64 64 
mapchip 576 320 448 384 64 64 
mapchip 640 320 448 384 64 64 
mapchip 704 320 448 384 64 64 
mapchip 768 320 448 384 64 64 
mapchip 832 320 448 384 64 64 
mapchip 896 320 448 384 64 64 
mapchip 64 384 448 384 64 64 
mapchip 128 384 448 384 64 64 
mapchip 192 384 448 384 64 64 
mapchip 256 384 448 384 64 64 
mapchip 320 384 448 384 64 64 
mapchip 384 384 448 384 64 64 
mapchip 448 384 0 0 64 64 
mapchip 512 384 0 0 64 64 
mapchip 576 384 448 384 64 64 
mapchip 640 384 448 384 64 64 
mapchip 704 384 448 384 64 64 
mapchip 768 384 448 384 64 64 
mapchip 832 384 448 384 64 64 
mapchip 896 384 448 384 64 64 
mapchip 960 64 448 384 64 64 
mapchip 1024 64 448 384 64 64 
mapchip 1088 64 448 384 64 64 
mapchip 1152 64 448 384 64 64 
mapchip 1216 64 448 384 64 64 
mapchip 1280 64 448 384 64 64 
mapchip 1344 64 448 384 64 64 
mapchip 1408 64 448 384 64 64 
mapchip 1472 64 448 384 64 64 
mapchip 1536 64 448 384 64 64 
mapchip 1600 64 448 384 64 64 
mapchip 960 128 448 384 64 64 
mapchip 1024 128 448 384 64 64 
mapchip 1088 128 448 384 64 64 
mapchip 1152 128 448 384 64 64 
mapchip 1216 128 448 384 64 64 
mapchip 1280 128 448 384 64 64 
mapchip 1344 128 448 384 64 64 
mapchip 1408 128 448 384 64 64 
mapchip 1472 128 448 384 64 64 
mapchip 1536 128 448 384 64 64 
mapchip 1600 128 448 384 64 64 
mapchip 960 192 448 384 64 64 
mapchip 1024 192 448 384 64 64 
mapchip 1088 192 448 384 64 64 
mapchip 1152 192 448 384 64 64 
mapchip 1216 192 448 384 64 64 
mapchip 1280 192 448 384 64 64 
mapchip 1344 192 448 384 64 64 
mapchip 1408 192 448 384 64 64 
mapchip 1472 192 448 384 64 64 
mapchip 1536 192 448 384 64 64 
mapchip 1600 192 448 384 64 64 
mapchip 960 256 448 384 64 64 
mapchip 1024 256 448 384 64 64 
mapchip 1088 256 448 384 64 64 
mapchip 1152 256 448 384 64 64 
mapchip 1216 256 448 384 64 64 
mapchip 1280 256 448 384 64 64 
mapchip 1344 256 448 384 64 64 
mapchip 1408 256 448 384 64 64 
mapchip 1472 256 448 384 64 64 
mapchip 1536 256 448 384 64 64 
mapchip 1600 256 448 384 64 64 
mapchip 960 320 448 384 64 64 
mapchip 1024 320 448 384 64 64 
mapchip 1088 320 448 384 64 64 
mapchip 1152 320 448 384 64 64 
mapchip 1216 320 448 384 64 64 
mapchip 1280 320 448 384 64 64 
mapchip 1344 320 448 384 64 64 
mapchip 1408 320 448 384 64 64 
mapchip 1472 320 448 384 64 64 
mapchip 1536 320 448 384 64 64 
mapchip 1600 320 448 384 64 64 
mapchip 960 384 448 384 64 64 
mapchip 1024 384 0 0 64 64 
mapchip 1088 384 0 0 64 64 
mapchip 1152 384 0 0 64 64 
mapchip 1216 384 448 384 64 64 
mapchip 1280 384 448 384 64 64 
mapchip 1344 384 448 384 64 64 
mapchip 1408 384 448 384 64 64 
mapchip 1472 384 448 384 64 64 
mapchip 1536 384 448 384 64 64 
mapchip 1600 384 448 384 64 64 
object 96 384 608 1056 32 32 
object 96 416 608 1088 32 32 
object 288 384 768 512 32 32 
object 288 416 768 544 32 32 
object 320 384 800 512 32 32 
object 320 416 800 544 32 32 
