name noname
width 12
height 16
background sky
bg_image_width 640
bg_image_height 480
bg_offset_x 0
bg_offset_y 0
bg_x_min -999999
bg_x_max 999999
bg_y_min -999999
bg_y_max 999999
bg_translate_rate_x 0
bg_translate_rate_y 0
bgm grassland.mp3 5.24
mapchip 0 960 448 64 64 64 
mapchip 64 960 448 64 64 64 
mapchip 128 960 448 64 64 64 
mapchip 192 960 448 64 64 64 
mapchip 256 960 512 64 64 64 
mapchip 320 960 448 64 64 64 
mapchip 384 960 448 64 64 64 
mapchip 448 960 448 64 64 64 
mapchip 512 960 448 64 64 64 
mapchip 576 960 448 64 64 64 
mapchip 0 896 0 64 64 64 
mapchip 64 896 832 320 64 64 
mapchip 128 896 832 320 64 64 
mapchip 192 896 832 320 64 64 
mapchip 256 896 832 320 64 64 
mapchip 320 896 832 320 64 64 
mapchip 384 896 832 320 64 64 
mapchip 448 896 832 320 64 64 
mapchip 512 896 0 64 64 64 
mapchip 576 896 0 64 64 64 
mapchip 640 896 0 64 64 64 
mapchip 704 896 0 64 64 64 
mapchip 768 896 448 0 64 64 
mapchip 640 960 448 64 64 64 
mapchip 704 960 448 64 64 64 
mapchip 0 704 0 64 64 64 
mapchip 0 768 0 64 64 64 
mapchip 0 832 0 64 64 64 
mapchip 0 640 0 64 64 64 
mapchip 64 640 0 64 64 64 
mapchip 128 640 0 64 64 64 
mapchip 192 640 832 320 64 64 
mapchip 256 640 832 320 64 64 
mapchip 512 832 832 320 64 64 
mapchip 576 768 832 320 64 64 
mapchip 640 704 832 320 64 64 
mapchip 640 768 0 64 64 64 
mapchip 640 832 0 64 64 64 
mapchip 576 832 0 64 64 64 
mapchip 704 832 0 64 64 64 
mapchip 704 768 0 64 64 64 
mapchip 704 448 0 64 64 64 
mapchip 704 512 0 64 64 64 
mapchip 704 576 0 64 64 64 
mapchip 704 640 0 64 64 64 
mapchip 704 704 0 64 64 64 
mapchip 320 640 832 320 64 64 
mapchip 384 640 832 320 64 64 
mapchip 448 640 832 320 64 64 
mapchip 704 192 0 64 64 64 
mapchip 704 256 0 64 64 64 
mapchip 704 320 0 64 64 64 
mapchip 704 384 0 64 64 64 
mapchip 0 256 0 64 64 64 
mapchip 0 320 0 64 64 64 
mapchip 0 384 0 64 64 64 
mapchip 0 448 0 64 64 64 
mapchip 0 512 0 64 64 64 
mapchip 0 576 0 64 64 64 
mapchip 128 576 832 320 64 64 
mapchip 64 512 832 320 64 64 
mapchip 64 576 0 64 64 64 
mapchip 256 448 832 320 64 64 
mapchip 320 448 832 320 64 64 
mapchip 384 448 832 320 64 64 
mapchip 448 448 832 320 64 64 
mapchip 512 448 832 320 64 64 
mapchip 576 448 0 64 64 64 
mapchip 640 448 0 64 64 64 
mapchip 704 64 0 64 64 64 
mapchip 704 128 0 64 64 64 
mapchip 0 128 0 64 64 64 
mapchip 0 192 0 64 64 64 
mapchip 576 384 832 320 64 64 
mapchip 640 320 832 320 64 64 
mapchip 448 256 192 64 64 64 
mapchip 256 256 192 64 64 64 
mapchip 128 192 192 64 64 64 
mapchip 0 0 0 64 64 64 
mapchip 0 64 0 64 64 64 
mapchip 64 0 0 64 64 64 
mapchip 128 0 0 64 64 64 
mapchip 192 0 0 64 64 64 
mapchip 256 0 0 64 64 64 
mapchip 320 0 0 64 64 64 
mapchip 384 0 0 64 64 64 
mapchip 448 0 0 64 64 64 
mapchip 512 0 0 64 64 64 
mapchip 576 0 0 64 64 64 
mapchip 640 0 0 64 64 64 
mapchip 704 0 0 64 64 64 
mapchip 640 384 0 64 64 64 
mapchip 64 704 64 320 64 64 
mapchip 128 704 64 320 64 64 
mapchip 192 704 64 320 64 64 
mapchip 512 704 64 320 64 64 
mapchip 576 704 64 320 64 64 
mapchip 64 768 64 320 64 64 
mapchip 128 768 64 320 64 64 
mapchip 192 768 64 320 64 64 
mapchip 512 768 64 320 64 64 
mapchip 64 832 64 320 64 64 
mapchip 128 832 64 320 64 64 
mapchip 192 832 64 320 64 64 
mapchip 256 832 64 320 64 64 
mapchip 320 832 64 320 64 64 
mapchip 384 832 64 320 64 64 
mapchip 448 832 64 320 64 64 
mapchip 192 512 64 320 64 64 
mapchip 576 512 64 320 64 64 
mapchip 640 512 64 320 64 64 
mapchip 192 576 64 320 64 64 
mapchip 256 576 64 320 64 64 
mapchip 320 576 64 320 64 64 
mapchip 384 576 64 320 64 64 
mapchip 448 576 64 320 64 64 
mapchip 512 576 64 320 64 64 
mapchip 576 576 64 320 64 64 
mapchip 640 576 64 320 64 64 
mapchip 576 640 64 320 64 64 
mapchip 640 640 64 320 64 64 
mapchip 128 448 64 320 64 64 
mapchip 192 448 64 320 64 64 
mapchip 64 448 64 320 64 64 
mapchip 128 512 64 320 64 64 
mapchip 256 320 576 576 64 64 
mapchip 256 384 576 512 64 64 
mapchip 448 320 576 576 64 64 
mapchip 448 384 576 512 64 64 
mapchip 320 320 576 576 64 64 
mapchip 384 320 576 576 64 64 
mapchip 512 320 576 576 64 64 
mapchip 320 384 576 512 64 64 
mapchip 384 384 576 512 64 64 
mapchip 512 384 576 512 64 64 
mapchip 576 320 576 576 64 64 
mapchip 64 320 64 320 64 64 
mapchip 128 320 64 320 64 64 
mapchip 192 320 64 320 64 64 
mapchip 64 384 64 320 64 64 
mapchip 128 384 64 320 64 64 
mapchip 192 384 64 320 64 64 
mapchip 512 640 64 320 64 64 
mapchip 256 768 576 640 64 64 
mapchip 320 768 64 320 64 64 
mapchip 384 768 64 320 64 64 
mapchip 448 768 576 640 64 64 
mapchip 256 512 576 640 64 64 
mapchip 320 512 576 640 64 64 
mapchip 384 512 64 320 64 64 
mapchip 448 512 576 640 64 64 
mapchip 512 512 576 640 64 64 
mapchip 256 704 64 320 64 64 
mapchip 320 704 64 320 64 64 
mapchip 384 704 64 320 64 64 
mapchip 448 704 64 320 64 64 
object 64 832 608 1056 32 32 load2.txt,1792,256
object 64 864 608 1088 32 32 load2.txt,1792,256
object 384 864 544 928 32 32 
object 224 608 544 928 32 32 
object 320 608 544 928 32 32 
object 288 416 544 928 32 32 
object 384 416 544 928 32 32 
object 128 544 384 704 32 32 
object 608 352 384 704 32 32 
object 672 288 384 704 32 32 
object 256 224 384 704 32 32 
object 128 160 608 512 32 32 6
object 448 224 0 544 32 32 
object 96 480 0 544 32 32 
object 640 288 0 544 32 32 
object 640 672 0 544 32 32 
