name noname
width 26
height 10
background dojo
bg_image_width 640
bg_image_height 480
bg_offset_x 64
bg_offset_y 160
bg_x_min -999999
bg_x_max 999999
bg_y_min -999999
bg_y_max 999999
bg_translate_rate_x 1
bg_translate_rate_y 1
bgm dailylife2.mp3 5.24
mapchip 0 0 0 64 64 64 
mapchip 64 0 0 64 64 64 
mapchip 0 64 0 64 64 64 
mapchip 64 64 0 64 64 64 
mapchip 0 128 0 64 64 64 
mapchip 64 128 0 64 64 64 
mapchip 0 192 0 64 64 64 
mapchip 64 192 0 64 64 64 
mapchip 0 256 0 64 64 64 
mapchip 64 256 0 64 64 64 
mapchip 0 320 0 64 64 64 
mapchip 64 320 0 64 64 64 
mapchip 0 384 0 64 64 64 
mapchip 64 384 0 64 64 64 
mapchip 0 448 0 64 64 64 
mapchip 64 448 0 64 64 64 
mapchip 0 512 0 64 64 64 
mapchip 64 512 0 64 64 64 
mapchip 0 576 0 64 64 64 
mapchip 64 576 0 64 64 64 
mapchip 0 640 0 64 64 64 
mapchip 64 640 0 64 64 64 
mapchip 128 576 0 64 64 64 
mapchip 192 576 0 64 64 64 
mapchip 256 576 0 64 64 64 
mapchip 320 576 0 64 64 64 
mapchip 384 576 0 64 64 64 
mapchip 448 576 0 64 64 64 
mapchip 512 576 0 64 64 64 
mapchip 576 576 0 64 64 64 
mapchip 640 576 0 64 64 64 
mapchip 704 576 0 64 64 64 
mapchip 768 576 0 64 64 64 
mapchip 832 576 0 64 64 64 
mapchip 896 576 0 64 64 64 
mapchip 960 576 0 64 64 64 
mapchip 1024 576 0 64 64 64 
mapchip 1088 576 0 64 64 64 
mapchip 1152 576 0 64 64 64 
mapchip 128 512 0 0 64 64 
mapchip 192 512 0 0 64 64 
mapchip 256 512 0 0 64 64 
mapchip 320 512 0 0 64 64 
mapchip 384 512 0 0 64 64 
mapchip 448 512 0 0 64 64 
mapchip 512 512 0 0 64 64 
mapchip 576 512 0 0 64 64 
mapchip 640 512 0 0 64 64 
mapchip 704 512 0 0 64 64 
mapchip 768 512 0 0 64 64 
mapchip 832 512 0 0 64 64 
mapchip 896 512 0 0 64 64 
mapchip 960 512 0 0 64 64 
mapchip 1024 512 0 0 64 64 
mapchip 1088 512 0 0 64 64 
mapchip 1152 512 0 0 64 64 
mapchip 1216 512 0 0 64 64 
mapchip 1280 512 0 0 64 64 
mapchip 1344 512 0 0 64 64 
mapchip 1216 576 0 64 64 64 
mapchip 1280 576 0 64 64 64 
mapchip 1344 576 0 64 64 64 
mapchip 1408 576 0 64 64 64 
mapchip 1472 576 0 64 64 64 
mapchip 1536 576 0 64 64 64 
mapchip 1408 512 0 0 64 64 
mapchip 1472 512 0 0 64 64 
mapchip 1536 192 0 64 64 64 
mapchip 1600 192 0 64 64 64 
mapchip 1536 256 0 64 64 64 
mapchip 1600 256 0 64 64 64 
mapchip 1536 320 0 64 64 64 
mapchip 1600 320 0 64 64 64 
mapchip 1536 384 0 64 64 64 
mapchip 1600 384 0 64 64 64 
mapchip 1536 448 0 64 64 64 
mapchip 1600 448 0 64 64 64 
mapchip 1536 512 0 64 64 64 
mapchip 1600 512 0 64 64 64 
mapchip 1600 576 0 64 64 64 
mapchip 128 0 0 64 64 64 
mapchip 192 0 0 64 64 64 
mapchip 256 0 0 64 64 64 
mapchip 320 0 0 64 64 64 
mapchip 384 0 0 64 64 64 
mapchip 448 0 0 64 64 64 
mapchip 512 0 0 64 64 64 
mapchip 1536 0 0 64 64 64 
mapchip 1600 0 0 64 64 64 
mapchip 1536 64 0 64 64 64 
mapchip 1600 64 0 64 64 64 
mapchip 1536 128 0 64 64 64 
mapchip 1600 128 0 64 64 64 
mapchip 1280 0 0 64 64 64 
mapchip 1344 0 0 64 64 64 
mapchip 1408 0 0 64 64 64 
mapchip 1472 0 0 64 64 64 
mapchip 640 0 0 64 64 64 
mapchip 704 0 0 64 64 64 
mapchip 768 0 0 64 64 64 
mapchip 832 0 0 64 64 64 
mapchip 896 0 0 64 64 64 
mapchip 576 0 0 64 64 64 
mapchip 960 0 0 64 64 64 
mapchip 1024 0 0 64 64 64 
mapchip 1088 0 0 64 64 64 
mapchip 1152 0 0 64 64 64 
mapchip 1216 0 0 64 64 64 
mapchip 1344 448 64 64 64 64 
mapchip 1280 448 0 128 64 64 
mapchip 768 448 0 192 64 64 
mapchip 128 448 0 192 64 64 
mapchip 1664 0 0 64 64 64 
mapchip 1664 64 0 64 64 64 
mapchip 1664 128 0 64 64 64 
mapchip 1664 192 0 64 64 64 
mapchip 1664 256 0 64 64 64 
mapchip 1664 320 0 64 64 64 
mapchip 1728 0 0 64 64 64 
mapchip 1728 64 0 64 64 64 
mapchip 1728 128 0 64 64 64 
mapchip 1728 192 0 64 64 64 
mapchip 1728 256 0 64 64 64 
mapchip 1728 320 0 64 64 64 
mapchip 1664 384 0 64 64 64 
mapchip 1664 448 0 64 64 64 
mapchip 1664 512 0 64 64 64 
mapchip 1728 384 0 64 64 64 
mapchip 1728 448 0 64 64 64 
mapchip 1728 512 0 64 64 64 
mapchip 1728 576 0 64 64 64 
mapchip 1664 576 0 64 64 64 
mapchip 1792 576 0 64 64 64 
mapchip 1792 320 0 64 64 64 
mapchip 1792 384 0 64 64 64 
mapchip 1792 448 0 64 64 64 
mapchip 1792 512 0 64 64 64 
mapchip 1792 0 0 64 64 64 
mapchip 1792 64 0 64 64 64 
mapchip 1792 128 0 64 64 64 
mapchip 1792 192 0 64 64 64 
mapchip 1792 256 0 64 64 64 
mapchip 1088 128 0 64 64 64 
mapchip 1152 128 0 64 64 64 
mapchip 1216 128 0 64 64 64 
mapchip 1280 128 0 64 64 64 
mapchip 1344 128 0 64 64 64 
mapchip 1408 128 0 64 64 64 
mapchip 1472 128 0 64 64 64 
mapchip 1088 192 0 64 64 64 
mapchip 1152 192 0 64 64 64 
mapchip 1216 192 0 64 64 64 
mapchip 1280 192 0 64 64 64 
mapchip 1344 192 0 64 64 64 
mapchip 1408 192 0 64 64 64 
mapchip 1472 192 0 64 64 64 
mapchip 640 128 0 64 64 64 
mapchip 704 128 0 64 64 64 
mapchip 768 128 0 64 64 64 
mapchip 832 128 0 64 64 64 
mapchip 896 128 0 64 64 64 
mapchip 960 128 0 64 64 64 
mapchip 1024 128 0 64 64 64 
mapchip 640 192 0 64 64 64 
mapchip 704 192 0 64 64 64 
mapchip 768 192 0 64 64 64 
mapchip 832 192 0 64 64 64 
mapchip 896 192 0 64 64 64 
mapchip 960 192 0 64 64 64 
mapchip 1024 192 0 64 64 64 
mapchip 128 128 0 64 64 64 
mapchip 192 128 0 64 64 64 
mapchip 256 128 0 64 64 64 
mapchip 320 128 0 64 64 64 
mapchip 384 128 0 64 64 64 
mapchip 448 128 0 64 64 64 
mapchip 512 128 0 64 64 64 
mapchip 128 192 0 64 64 64 
mapchip 192 192 0 64 64 64 
mapchip 256 192 0 64 64 64 
mapchip 320 192 0 64 64 64 
mapchip 384 192 0 64 64 64 
mapchip 448 192 0 64 64 64 
mapchip 512 192 0 64 64 64 
mapchip 576 128 0 64 64 64 
mapchip 576 192 0 64 64 64 
mapchip 256 256 256 512 64 64 
mapchip 512 256 256 512 64 64 
mapchip 768 256 256 512 64 64 
mapchip 1024 256 256 512 64 64 
mapchip 1280 256 256 512 64 64 
object 1024 448 224 960 32 32 
object 800 416 224 960 32 32 
object 320 448 224 960 32 32 
object 544 448 224 960 32 32 
object 1504 448 544 512 32 32 step1.txt,64,640
object 1504 480 544 512 32 32 step1.txt,64,640
object 160 448 608 512 32 32 8
object 384 480 0 544 32 32 
object 576 480 0 544 32 32 
object 1056 480 0 544 32 32 
object 768 448 0 544 32 32 
