name noname
width 30
height 14
background downtown
bg_image_width 640
bg_image_height 480
bg_offset_x 0
bg_offset_y 0
bg_x_min -999999
bg_x_max 999999
bg_y_min 0
bg_y_max 999999
bg_translate_rate_x 0
bg_translate_rate_y 0.2
bgm city.mp3 0
mapchip 0 640 512 0 64 64 
mapchip 64 640 512 0 64 64 
mapchip 128 640 512 0 64 64 
mapchip 192 640 512 0 64 64 
mapchip 256 640 512 0 64 64 
mapchip 320 640 512 0 64 64 
mapchip 0 704 448 64 64 64 
mapchip 64 704 448 64 64 64 
mapchip 128 704 448 64 64 64 
mapchip 192 704 448 64 64 64 
mapchip 256 704 448 64 64 64 
mapchip 320 704 448 64 64 64 
mapchip 0 768 448 64 64 64 
mapchip 64 768 448 64 64 64 
mapchip 128 768 448 64 64 64 
mapchip 192 768 448 64 64 64 
mapchip 256 768 448 64 64 64 
mapchip 320 768 512 64 64 64 
mapchip 0 832 448 64 64 64 
mapchip 64 832 448 64 64 64 
mapchip 128 832 448 64 64 64 
mapchip 192 832 448 64 64 64 
mapchip 256 832 448 64 64 64 
mapchip 320 832 448 64 64 64 
mapchip 192 576 448 256 64 64 
mapchip 256 576 448 256 64 64 
mapchip 320 576 448 256 64 64 
mapchip 384 576 64 576 64 64 
mapchip 448 576 64 576 64 64 
mapchip 512 576 64 576 64 64 
mapchip 576 576 64 576 64 64 
mapchip 640 576 64 576 64 64 
mapchip 704 576 64 576 64 64 
mapchip 768 576 64 576 64 64 
mapchip 832 576 64 576 64 64 
mapchip 896 576 64 576 64 64 
mapchip 960 576 64 576 64 64 
mapchip 1024 576 192 192 64 64 
mapchip 1088 576 192 192 64 64 
mapchip 1152 576 192 192 64 64 
mapchip 1216 576 64 576 64 64 
mapchip 1280 576 64 576 64 64 
mapchip 1344 576 64 576 64 64 
mapchip 1408 576 64 576 64 64 
mapchip 1472 576 64 576 64 64 
mapchip 1536 576 64 576 64 64 
mapchip 1600 576 64 576 64 64 
mapchip 1664 576 64 576 64 64 
mapchip 1728 576 64 576 64 64 
mapchip 1792 576 64 576 64 64 
mapchip 1856 576 64 576 64 64 
mapchip 384 640 448 64 64 64 
mapchip 448 640 448 64 64 64 
mapchip 512 640 448 64 64 64 
mapchip 576 640 448 64 64 64 
mapchip 640 640 448 64 64 64 
mapchip 704 640 448 64 64 64 
mapchip 768 640 448 64 64 64 
mapchip 832 640 448 64 64 64 
mapchip 896 640 448 64 64 64 
mapchip 960 640 448 64 64 64 
mapchip 1024 640 448 0 64 64 
mapchip 384 704 448 64 64 64 
mapchip 448 704 448 64 64 64 
mapchip 512 704 448 64 64 64 
mapchip 576 704 448 64 64 64 
mapchip 640 704 448 64 64 64 
mapchip 704 704 448 64 64 64 
mapchip 768 704 448 64 64 64 
mapchip 832 704 448 64 64 64 
mapchip 896 704 448 64 64 64 
mapchip 960 704 448 64 64 64 
mapchip 1024 704 512 64 64 64 
mapchip 384 768 448 64 64 64 
mapchip 448 768 448 64 64 64 
mapchip 512 768 448 64 64 64 
mapchip 576 768 448 64 64 64 
mapchip 640 768 448 64 64 64 
mapchip 704 768 448 64 64 64 
mapchip 768 768 448 64 64 64 
mapchip 832 768 448 64 64 64 
mapchip 896 768 448 64 64 64 
mapchip 960 768 448 64 64 64 
mapchip 1024 768 448 64 64 64 
mapchip 384 832 448 64 64 64 
mapchip 448 832 448 64 64 64 
mapchip 512 832 448 64 64 64 
mapchip 576 832 448 64 64 64 
mapchip 640 832 448 64 64 64 
mapchip 704 832 448 64 64 64 
mapchip 768 832 448 64 64 64 
mapchip 832 832 448 64 64 64 
mapchip 896 832 448 64 64 64 
mapchip 960 832 448 64 64 64 
mapchip 1024 832 448 64 64 64 
mapchip 1088 640 448 0 64 64 
mapchip 1152 640 448 0 64 64 
mapchip 1216 640 448 64 64 64 
mapchip 1280 640 448 64 64 64 
mapchip 1344 640 448 64 64 64 
mapchip 1408 640 448 64 64 64 
mapchip 1472 640 448 64 64 64 
mapchip 1536 640 448 64 64 64 
mapchip 1600 640 448 64 64 64 
mapchip 1664 640 448 64 64 64 
mapchip 1728 640 448 64 64 64 
mapchip 1792 640 448 64 64 64 
mapchip 1856 640 448 64 64 64 
mapchip 1088 704 448 64 64 64 
mapchip 1152 704 448 64 64 64 
mapchip 1216 704 448 64 64 64 
mapchip 1280 704 448 64 64 64 
mapchip 1344 704 448 64 64 64 
mapchip 1408 704 448 64 64 64 
mapchip 1472 704 448 64 64 64 
mapchip 1536 704 448 64 64 64 
mapchip 1600 704 448 64 64 64 
mapchip 1664 704 448 64 64 64 
mapchip 1728 704 448 64 64 64 
mapchip 1792 704 448 64 64 64 
mapchip 1856 704 448 64 64 64 
mapchip 1088 768 448 64 64 64 
mapchip 1152 768 448 64 64 64 
mapchip 1216 768 448 64 64 64 
mapchip 1280 768 448 64 64 64 
mapchip 1344 768 448 64 64 64 
mapchip 1408 768 448 64 64 64 
mapchip 1472 768 448 64 64 64 
mapchip 1536 768 448 64 64 64 
mapchip 1600 768 448 64 64 64 
mapchip 1664 768 512 64 64 64 
mapchip 1728 768 448 64 64 64 
mapchip 1792 768 448 64 64 64 
mapchip 1856 768 448 64 64 64 
mapchip 1088 832 448 64 64 64 
mapchip 1152 832 448 64 64 64 
mapchip 1216 832 448 64 64 64 
mapchip 1280 832 448 64 64 64 
mapchip 1344 832 448 64 64 64 
mapchip 1408 832 448 64 64 64 
mapchip 1472 832 448 64 64 64 
mapchip 1536 832 448 64 64 64 
mapchip 1600 832 448 64 64 64 
mapchip 1664 832 448 64 64 64 
mapchip 1728 832 448 64 64 64 
mapchip 1792 832 448 64 64 64 
mapchip 1856 832 448 64 64 64 
mapchip 384 512 320 256 64 64 
mapchip 640 512 704 64 64 64 
mapchip 1472 256 0 640 64 64 
mapchip 1536 256 0 640 64 64 
mapchip 1600 256 0 640 64 64 
mapchip 512 448 704 0 64 64 
mapchip 512 512 704 64 64 64 
mapchip 1664 256 0 640 64 64 
mapchip 768 512 512 192 64 64 
mapchip 1472 512 64 320 64 64 
mapchip 1536 512 64 320 64 64 
mapchip 1600 512 64 320 64 64 
mapchip 1536 448 64 320 64 64 
mapchip 1600 448 64 320 64 64 
mapchip 1536 384 0 640 64 64 
mapchip 1600 384 0 640 64 64 
mapchip 1472 384 0 640 64 64 
mapchip 1472 448 64 320 64 64 
mapchip 1472 320 0 640 64 64 
mapchip 1536 320 64 640 64 64 
mapchip 1600 320 64 640 64 64 
mapchip 1664 320 0 640 64 64 
mapchip 1664 384 0 640 64 64 
mapchip 1664 448 64 320 64 64 
mapchip 1664 512 64 320 64 64 
mapchip 1472 192 0 640 64 64 
mapchip 1536 192 64 640 64 64 
mapchip 1600 192 64 640 64 64 
mapchip 1664 192 0 640 64 64 
mapchip 1472 128 0 640 64 64 
mapchip 1536 128 0 640 64 64 
mapchip 1600 128 0 640 64 64 
mapchip 1664 128 0 640 64 64 
mapchip 640 448 704 0 64 64 
mapchip 832 512 448 192 64 64 
mapchip 1472 64 0 640 64 64 
mapchip 1536 64 0 640 64 64 
mapchip 1600 64 0 640 64 64 
mapchip 1664 64 0 640 64 64 
mapchip 576 512 0 64 64 64 
object 0 576 608 1056 32 32 downtown25.txt,1504,448
object 0 608 608 1088 32 32 downtown25.txt,1504,448
object 672 512 0 1024 32 32 
object 1568 512 0 1024 32 32 
object 1728 512 0 1152 32 32 
object 1888 512 608 1056 32 32 downtown11.txt,0,576
object 1888 544 608 1088 32 32 downtown11.txt,0,576
object 1408 512 768 512 32 32 
billboard 1056 384 0 32 128 224 0.75 1 images\buildings.bmp
billboard 1056 576 0 192 128 64 0.75 1 images\buildings.bmp
billboard 672 448 0 32 128 224 0.75 1 images\buildings.bmp
billboard 1376 448 0 32 128 224 0.75 1 images\buildings.bmp
billboard 1472 352 0 32 128 224 0.75 1 images\buildings.bmp
billboard 896 512 128 0 64 96 0.75 1 images\buildings.bmp
billboard 1248 512 128 0 64 96 0.75 1 images\buildings.bmp
billboard 736 512 192 0 32 64 0.75 1 images\buildings.bmp
billboard 1344 512 192 0 32 64 0.75 1 images\buildings.bmp
billboard 1824 512 192 0 32 64 0.75 1 images\buildings.bmp
billboard 1696 384 0 32 128 224 0.75 1 images\buildings.bmp
billboard 896 576 128 32 64 64 0.75 1 images\buildings.bmp
billboard 1248 576 128 32 64 64 0.75 1 images\buildings.bmp
