name noname
width 24
height 12
background downtown
bg_image_width 640
bg_image_height 480
bg_offset_x 0
bg_offset_y -80
bg_x_min -999999
bg_x_max 999999
bg_y_min -80
bg_y_max 999999
bg_translate_rate_x 0
bg_translate_rate_y 0.2
bgm city.mp3 0
mapchip 0 256 832 320 64 64 
mapchip 64 256 832 320 64 64 
mapchip 128 256 832 320 64 64 
mapchip 192 320 832 320 64 64 
mapchip 0 320 0 64 64 64 
mapchip 64 320 0 64 64 64 
mapchip 128 320 0 64 64 64 
mapchip 0 384 448 64 64 64 
mapchip 64 384 448 64 64 64 
mapchip 128 384 448 64 64 64 
mapchip 192 384 448 64 64 64 
mapchip 256 384 512 0 64 64 
mapchip 0 448 448 64 64 64 
mapchip 64 448 448 64 64 64 
mapchip 128 448 448 64 64 64 
mapchip 192 448 448 64 64 64 
mapchip 256 448 512 64 64 64 
mapchip 0 512 448 64 64 64 
mapchip 64 512 448 64 64 64 
mapchip 128 512 448 64 64 64 
mapchip 192 512 448 64 64 64 
mapchip 256 512 448 64 64 64 
mapchip 320 384 512 0 64 64 
mapchip 384 384 512 0 64 64 
mapchip 448 384 512 0 64 64 
mapchip 512 384 512 0 64 64 
mapchip 320 448 448 64 64 64 
mapchip 384 448 448 64 64 64 
mapchip 448 448 448 64 64 64 
mapchip 512 448 448 64 64 64 
mapchip 320 512 448 64 64 64 
mapchip 384 512 448 64 64 64 
mapchip 448 512 448 64 64 64 
mapchip 512 512 448 64 64 64 
mapchip 576 384 512 0 64 64 
mapchip 640 384 512 0 64 64 
mapchip 704 384 512 0 64 64 
mapchip 768 384 512 0 64 64 
mapchip 576 448 448 64 64 64 
mapchip 640 448 448 64 64 64 
mapchip 704 448 448 64 64 64 
mapchip 768 448 448 64 64 64 
mapchip 576 512 448 64 64 64 
mapchip 640 512 448 64 64 64 
mapchip 704 512 448 64 64 64 
mapchip 768 512 448 64 64 64 
mapchip 256 320 576 256 64 64 
mapchip 320 320 576 256 64 64 
mapchip 384 320 576 256 64 64 
mapchip 0 192 448 256 64 64 
mapchip 64 192 448 256 64 64 
mapchip 128 192 448 256 64 64 
mapchip 512 128 512 640 64 64 
mapchip 512 192 512 256 64 64 
mapchip 512 256 512 256 64 64 
mapchip 512 320 512 256 64 64 
mapchip 832 384 512 0 64 64 
mapchip 896 384 512 0 64 64 
mapchip 960 384 512 0 64 64 
mapchip 1024 320 512 0 64 64 
mapchip 1088 320 512 0 64 64 
mapchip 1152 320 512 0 64 64 
mapchip 1216 320 512 0 64 64 
mapchip 1280 320 512 0 64 64 
mapchip 1344 320 768 64 64 64 
mapchip 1408 320 448 64 64 64 
mapchip 1408 192 448 128 64 64 
mapchip 1408 256 448 64 64 64 
mapchip 1472 256 448 64 64 64 
mapchip 1472 320 448 64 64 64 
mapchip 1408 384 448 64 64 64 
mapchip 1472 384 448 64 64 64 
mapchip 1408 448 448 64 64 64 
mapchip 1472 448 448 64 64 64 
mapchip 1408 512 768 64 64 64 
mapchip 1472 512 448 64 64 64 
mapchip 1024 384 448 64 64 64 
mapchip 1088 384 448 64 64 64 
mapchip 1152 384 448 64 64 64 
mapchip 1216 384 448 64 64 64 
mapchip 1280 384 448 64 64 64 
mapchip 1024 448 448 64 64 64 
mapchip 1088 448 448 64 64 64 
mapchip 1152 448 448 64 64 64 
mapchip 1216 448 448 64 64 64 
mapchip 1280 448 448 64 64 64 
mapchip 1024 512 448 64 64 64 
mapchip 1088 512 448 64 64 64 
mapchip 1152 512 768 64 64 64 
mapchip 1216 512 768 64 64 64 
mapchip 1280 512 768 64 64 64 
mapchip 1472 192 448 0 64 64 
mapchip 832 448 448 64 64 64 
mapchip 896 448 448 64 64 64 
mapchip 960 448 448 64 64 64 
mapchip 832 512 448 64 64 64 
mapchip 896 512 448 64 64 64 
mapchip 960 512 448 64 64 64 
mapchip 1088 576 448 64 64 64 
mapchip 1152 576 448 0 64 64 
mapchip 1216 576 448 0 64 64 
mapchip 1280 576 448 0 64 64 
mapchip 1344 576 448 0 64 64 
mapchip 1408 576 448 0 64 64 
mapchip 1472 576 448 64 64 64 
mapchip 960 576 448 64 64 64 
mapchip 1024 576 448 64 64 64 
mapchip 960 640 448 64 64 64 
mapchip 1024 640 448 64 64 64 
mapchip 1088 640 448 64 64 64 
mapchip 1152 640 448 64 64 64 
mapchip 1216 640 448 64 64 64 
mapchip 1280 640 448 64 64 64 
mapchip 1344 640 448 64 64 64 
mapchip 1408 640 448 64 64 64 
mapchip 1472 640 448 64 64 64 
mapchip 1344 384 768 64 64 64 
mapchip 1344 448 768 64 64 64 
mapchip 1344 512 768 64 64 64 
mapchip 1280 256 320 256 64 64 
mapchip 1024 64 512 640 64 64 
mapchip 1024 128 512 256 64 64 
mapchip 1024 192 512 256 64 64 
mapchip 1024 256 512 256 64 64 
mapchip 896 320 576 256 64 64 
mapchip 960 320 576 256 64 64 
mapchip 768 320 576 256 64 64 
object 0 192 608 1056 32 32 downtown11.txt,2528,576
object 0 224 608 1088 32 32 downtown11.txt,2528,576
object 1440 512 608 1056 32 32 downtown4.txt,0,192
object 1440 544 608 1088 32 32 downtown4.txt,0,192
object 1504 128 608 1056 32 32 downtown4.txt,480,128
object 1504 160 608 1088 32 32 downtown4.txt,480,128
object 1280 512 448 544 32 32 
object 1280 544 448 544 32 32 
