name noname
width 14
height 24
background cave
bg_image_width 640
bg_image_height 480
bg_offset_x 0
bg_offset_y 0
bg_x_min -999999
bg_x_max 999999
bg_y_min -999999
bg_y_max 999999
bg_translate_rate_x 0
bg_translate_rate_y 0
bgm city.mp3 0
mapchip 0 0 256 0 64 64 
mapchip 0 64 256 0 64 64 
mapchip 0 128 256 0 64 64 
mapchip 0 192 256 0 64 64 
mapchip 0 256 256 0 64 64 
mapchip 0 320 256 0 64 64 
mapchip 0 384 256 0 64 64 
mapchip 0 448 256 0 64 64 
mapchip 0 512 256 0 64 64 
mapchip 0 576 256 0 64 64 
mapchip 64 0 256 0 64 64 
mapchip 128 0 256 0 64 64 
mapchip 192 0 256 0 64 64 
mapchip 256 0 256 0 64 64 
mapchip 320 0 256 0 64 64 
mapchip 384 0 256 0 64 64 
mapchip 448 0 256 0 64 64 
mapchip 512 0 256 0 64 64 
mapchip 64 64 256 0 64 64 
mapchip 128 64 256 0 64 64 
mapchip 192 64 256 0 64 64 
mapchip 256 64 256 0 64 64 
mapchip 320 64 256 0 64 64 
mapchip 384 64 256 0 64 64 
mapchip 448 64 256 0 64 64 
mapchip 512 64 256 0 64 64 
mapchip 576 0 256 0 64 64 
mapchip 640 0 256 0 64 64 
mapchip 704 0 256 0 64 64 
mapchip 576 64 256 0 64 64 
mapchip 640 64 256 0 64 64 
mapchip 704 64 256 0 64 64 
mapchip 832 0 256 0 64 64 
mapchip 832 64 256 0 64 64 
mapchip 832 128 256 0 64 64 
mapchip 832 192 256 0 64 64 
mapchip 832 256 256 0 64 64 
mapchip 832 320 256 0 64 64 
mapchip 832 384 256 0 64 64 
mapchip 832 448 256 0 64 64 
mapchip 832 512 256 0 64 64 
mapchip 832 576 256 0 64 64 
mapchip 832 640 256 0 64 64 
mapchip 832 704 256 0 64 64 
mapchip 832 768 256 0 64 64 
mapchip 832 832 256 0 64 64 
mapchip 832 896 256 0 64 64 
mapchip 832 960 256 0 64 64 
mapchip 832 1024 256 0 64 64 
mapchip 832 1088 256 0 64 64 
mapchip 832 1152 256 0 64 64 
mapchip 832 1216 256 0 64 64 
mapchip 832 1280 256 0 64 64 
mapchip 832 1344 256 0 64 64 
mapchip 832 1408 256 0 64 64 
mapchip 832 1472 256 0 64 64 
mapchip 0 896 256 0 64 64 
mapchip 0 960 256 0 64 64 
mapchip 0 1024 256 0 64 64 
mapchip 0 1088 256 0 64 64 
mapchip 0 1152 256 0 64 64 
mapchip 0 1216 256 0 64 64 
mapchip 0 1280 256 0 64 64 
mapchip 0 1344 256 0 64 64 
mapchip 0 1408 256 0 64 64 
mapchip 0 1472 256 0 64 64 
mapchip 0 640 256 0 64 64 
mapchip 0 704 256 0 64 64 
mapchip 0 768 256 0 64 64 
mapchip 0 832 256 0 64 64 
mapchip 64 1472 256 64 64 64 
mapchip 128 1472 256 64 64 64 
mapchip 192 1472 256 64 64 64 
mapchip 256 1472 256 0 64 64 
mapchip 320 1472 256 64 64 64 
mapchip 384 1472 256 64 64 64 
mapchip 448 1472 256 64 64 64 
mapchip 512 1472 256 64 64 64 
mapchip 576 1472 256 64 64 64 
mapchip 640 1472 256 64 64 64 
mapchip 704 1472 256 64 64 64 
mapchip 768 1472 256 64 64 64 
mapchip 256 1408 256 64 64 64 
mapchip 384 1344 192 64 64 64 
mapchip 448 1344 192 64 64 64 
mapchip 512 1344 192 64 64 64 
mapchip 576 1344 192 64 64 64 
mapchip 640 1344 192 64 64 64 
mapchip 704 1344 256 0 64 64 
mapchip 768 1344 256 0 64 64 
mapchip 704 1280 256 64 64 64 
mapchip 768 1280 256 64 64 64 
mapchip 192 1024 256 64 64 64 
mapchip 256 1024 256 64 64 64 
mapchip 64 1344 256 64 64 64 
mapchip 64 896 192 64 64 64 
mapchip 64 768 192 64 64 64 
mapchip 384 704 192 64 64 64 
mapchip 448 704 192 64 64 64 
mapchip 384 640 448 256 64 64 
mapchip 64 960 896 384 64 64 
mapchip 64 1024 896 448 64 64 
mapchip 64 1088 896 448 64 64 
mapchip 64 1152 896 448 64 64 
mapchip 64 1216 896 448 64 64 
mapchip 64 1280 896 448 64 64 
mapchip 640 1408 768 384 64 64 
mapchip 704 1408 832 384 64 64 
mapchip 768 1408 832 384 64 64 
mapchip 512 768 832 320 64 64 
mapchip 576 768 832 320 64 64 
mapchip 640 768 832 320 64 64 
mapchip 704 704 256 64 64 64 
mapchip 768 640 256 64 64 64 
mapchip 704 768 256 0 64 64 
mapchip 768 704 256 0 64 64 
mapchip 768 768 256 0 64 64 
mapchip 576 832 768 512 64 64 
mapchip 640 832 832 512 64 64 
mapchip 704 832 832 512 64 64 
mapchip 768 832 832 512 64 64 
mapchip 576 576 256 64 64 64 
mapchip 512 512 256 64 64 64 
mapchip 448 512 256 64 64 64 
mapchip 512 576 256 0 64 64 
mapchip 768 896 256 64 64 64 
mapchip 512 896 192 64 64 64 
mapchip 576 896 256 64 64 64 
mapchip 448 896 192 64 64 64 
mapchip 384 896 192 64 64 64 
mapchip 576 960 192 64 64 64 
mapchip 704 896 256 64 64 64 
mapchip 64 448 256 64 64 64 
mapchip 192 320 256 64 64 64 
mapchip 256 320 256 64 64 64 
mapchip 192 384 192 64 64 64 
mapchip 256 384 192 64 64 64 
mapchip 320 320 256 64 64 64 
mapchip 384 320 256 64 64 64 
mapchip 448 320 256 64 64 64 
mapchip 256 128 256 0 64 64 
mapchip 320 192 256 0 64 64 
mapchip 384 192 256 0 64 64 
mapchip 448 192 256 0 64 64 
mapchip 320 128 256 0 64 64 
mapchip 384 128 256 0 64 64 
mapchip 448 128 256 0 64 64 
mapchip 512 128 256 0 64 64 
mapchip 768 192 256 64 64 64 
mapchip 704 256 256 64 64 64 
mapchip 640 320 256 64 64 64 
mapchip 768 256 256 0 64 64 
mapchip 704 320 256 0 64 64 
mapchip 512 320 256 64 64 64 
mapchip 576 320 256 64 64 64 
object 64 1408 608 1056 32 32 downtown6.txt,736,384
object 64 1440 608 1088 32 32 downtown7.txt,736,384
object 352 1056 128 512 32 32 2,0,200
object 640 1184 0 864 32 32 200,75
object 704 1088 0 864 32 32 200,0
object 64 864 384 704 32 32 
object 64 736 384 704 32 32 
object 224 960 128 512 32 32 0,-1,256
object 640 896 544 544 32 32 
object 672 896 544 544 32 32 
object 448 864 192 512 32 32 dt7s1
object 608 928 480 1024 32 32 dt7s1
object 128 448 128 512 32 32 1,0,256
object 352 288 480 800 32 32 0
object 384 288 480 800 32 32 0
object 416 288 480 800 32 32 120
object 448 288 480 800 32 32 120
object 64 416 320 512 32 32 
object 736 224 352 1152 32 32 
object 672 288 352 1152 32 32 
object 800 608 480 704 32 32 
object 736 672 480 704 32 32 
object 480 480 352 1152 32 32 
object 608 1312 352 1152 32 32 
object 640 1408 96 640 32 32 
object 768 1216 96 640 32 32 
object 800 128 608 1056 32 32 downtown8.txt,64,640
object 800 160 608 1088 32 32 downtown8.txt,64,640
object 768 864 224 928 32 32 hpc_dt7
object 224 896 0 544 32 32 
object 224 736 0 544 32 32 
object 352 640 0 544 32 32 
object 384 864 0 544 32 32 
object 736 1408 0 544 32 32 
object 768 1408 0 544 32 32 
object 800 1408 0 544 32 32 
object 736 1440 0 544 32 32 
object 768 1440 0 544 32 32 
object 800 1440 0 544 32 32 
