name noname
width 46
height 12
background downtown
bg_image_width 640
bg_image_height 480
bg_offset_x 0
bg_offset_y 0
bg_x_min -999999
bg_x_max 999999
bg_y_min -999999
bg_y_max 999999
bg_translate_rate_x 0
bg_translate_rate_y 0.2
bgm city.mp3 0
mapchip 0 576 448 0 64 64 
mapchip 64 576 448 0 64 64 
mapchip 128 576 512 128 64 64 
mapchip 192 640 512 0 64 64 
mapchip 256 640 512 0 64 64 
mapchip 320 640 512 0 64 64 
mapchip 384 640 512 0 64 64 
mapchip 448 640 512 0 64 64 
mapchip 512 640 512 0 64 64 
mapchip 576 640 512 0 64 64 
mapchip 0 640 448 64 64 64 
mapchip 64 640 448 64 64 64 
mapchip 128 640 448 64 64 64 
mapchip 0 704 448 64 64 64 
mapchip 64 704 448 64 64 64 
mapchip 128 704 448 64 64 64 
mapchip 192 704 448 64 64 64 
mapchip 256 704 448 64 64 64 
mapchip 320 704 448 64 64 64 
mapchip 384 704 448 64 64 64 
mapchip 448 704 512 64 64 64 
mapchip 512 704 448 64 64 64 
mapchip 576 704 448 64 64 64 
mapchip 640 640 512 0 64 64 
mapchip 704 640 512 0 64 64 
mapchip 768 640 512 0 64 64 
mapchip 832 640 512 0 64 64 
mapchip 896 640 512 0 64 64 
mapchip 960 640 512 0 64 64 
mapchip 640 704 448 64 64 64 
mapchip 704 704 448 64 64 64 
mapchip 768 704 448 64 64 64 
mapchip 832 704 448 64 64 64 
mapchip 896 704 448 64 64 64 
mapchip 960 704 448 64 64 64 
mapchip 0 512 448 256 64 64 
mapchip 384 384 512 256 64 64 
mapchip 384 448 512 256 64 64 
mapchip 384 512 512 256 64 64 
mapchip 384 576 512 256 64 64 
mapchip 64 512 448 256 64 64 
mapchip 1024 640 512 0 64 64 
mapchip 1088 640 512 0 64 64 
mapchip 1152 640 512 0 64 64 
mapchip 960 384 512 256 64 64 
mapchip 960 448 512 256 64 64 
mapchip 960 512 512 256 64 64 
mapchip 960 576 512 256 64 64 
mapchip 1216 576 448 128 64 64 
mapchip 1280 576 512 128 64 64 
mapchip 1344 640 512 0 64 64 
mapchip 1408 640 512 0 64 64 
mapchip 1472 640 512 0 64 64 
mapchip 1536 640 512 0 64 64 
mapchip 1600 640 512 0 64 64 
mapchip 1216 640 512 64 64 64 
mapchip 1280 640 448 64 64 64 
mapchip 1024 704 448 64 64 64 
mapchip 1088 704 448 64 64 64 
mapchip 1152 704 448 64 64 64 
mapchip 1216 704 448 64 64 64 
mapchip 1280 704 448 64 64 64 
mapchip 1344 704 448 64 64 64 
mapchip 1408 704 448 64 64 64 
mapchip 1472 704 448 64 64 64 
mapchip 1536 704 448 64 64 64 
mapchip 1600 704 448 64 64 64 
mapchip 1664 576 0 64 64 64 
mapchip 1664 640 448 64 64 64 
mapchip 1728 640 448 64 64 64 
mapchip 1664 704 448 64 64 64 
mapchip 1728 704 448 64 64 64 
mapchip 1728 512 0 64 64 64 
mapchip 1728 576 0 64 64 64 
mapchip 1664 512 448 256 64 64 
mapchip 1728 448 448 256 64 64 
mapchip 1792 448 0 64 64 64 
mapchip 1792 512 0 64 64 64 
mapchip 1792 576 0 64 64 64 
mapchip 1792 384 448 256 64 64 
mapchip 1600 576 448 256 64 64 
mapchip 2048 448 320 256 64 64 
mapchip 1856 512 512 0 64 64 
mapchip 1920 512 512 0 64 64 
mapchip 1984 512 512 0 64 64 
mapchip 2048 512 512 0 64 64 
mapchip 1856 640 448 64 64 64 
mapchip 1920 640 448 64 64 64 
mapchip 1984 640 448 64 64 64 
mapchip 2048 640 448 64 64 64 
mapchip 2176 640 448 64 64 64 
mapchip 1856 704 448 64 64 64 
mapchip 1920 704 448 64 64 64 
mapchip 1984 704 448 64 64 64 
mapchip 2048 704 448 64 64 64 
mapchip 2112 704 448 0 64 64 
mapchip 2176 704 448 64 64 64 
mapchip 1856 768 448 128 64 64 
mapchip 1920 768 448 128 64 64 
mapchip 1984 768 448 128 64 64 
mapchip 2048 768 448 128 64 64 
mapchip 2112 768 448 128 64 64 
mapchip 2176 768 448 128 64 64 
mapchip 1792 640 448 64 64 64 
mapchip 2240 640 448 64 64 64 
mapchip 1792 704 448 64 64 64 
mapchip 2240 704 448 64 64 64 
mapchip 1856 576 448 64 64 64 
mapchip 1920 576 448 64 64 64 
mapchip 1984 576 512 64 64 64 
mapchip 2048 576 448 64 64 64 
mapchip 2176 512 512 0 64 64 
mapchip 2240 512 512 0 64 64 
mapchip 2176 576 448 64 64 64 
mapchip 2240 576 448 64 64 64 
mapchip 2304 704 448 0 64 64 
mapchip 2368 704 448 64 64 64 
mapchip 2432 704 448 64 64 64 
mapchip 2368 512 512 0 64 64 
mapchip 2432 512 512 0 64 64 
mapchip 2368 576 448 64 64 64 
mapchip 2432 576 448 64 64 64 
mapchip 2368 640 448 64 64 64 
mapchip 2432 640 448 64 64 64 
mapchip 2496 448 0 64 64 64 
mapchip 2496 512 512 0 64 64 
mapchip 2496 576 448 64 64 64 
mapchip 2496 640 448 64 64 64 
mapchip 2496 704 448 64 64 64 
mapchip 2560 512 512 0 64 64 
mapchip 2624 512 512 0 64 64 
mapchip 2688 512 512 0 64 64 
mapchip 2752 512 512 0 64 64 
mapchip 2816 512 512 0 64 64 
mapchip 2880 512 512 0 64 64 
mapchip 2560 576 512 64 64 64 
mapchip 2624 576 448 64 64 64 
mapchip 2688 576 448 64 64 64 
mapchip 2752 576 448 64 64 64 
mapchip 2816 576 448 64 64 64 
mapchip 2880 576 448 64 64 64 
mapchip 2560 640 448 64 64 64 
mapchip 2624 640 448 64 64 64 
mapchip 2688 640 448 64 64 64 
mapchip 2752 640 448 64 64 64 
mapchip 2816 640 448 64 64 64 
mapchip 2880 640 448 64 64 64 
mapchip 2560 704 448 64 64 64 
mapchip 2624 704 448 64 64 64 
mapchip 2688 704 448 64 64 64 
mapchip 2752 704 448 64 64 64 
mapchip 2816 704 448 64 64 64 
mapchip 2880 704 448 64 64 64 
mapchip 2560 768 448 64 64 64 
mapchip 2624 768 448 64 64 64 
mapchip 2688 768 448 64 64 64 
mapchip 2752 768 448 64 64 64 
mapchip 2816 768 448 64 64 64 
mapchip 2880 768 448 64 64 64 
mapchip 2624 256 512 256 64 64 
mapchip 2624 320 512 256 64 64 
mapchip 2624 384 512 256 64 64 
mapchip 2624 448 512 256 64 64 
mapchip 384 320 512 640 64 64 
mapchip 960 320 512 640 64 64 
mapchip 2624 192 512 640 64 64 
object 0 512 608 1056 32 32 downtown0.txt,384,384
object 0 544 608 1088 32 32 downtown0.txt,384,384
object 288 576 0 1152 32 32 
object 512 576 0 1152 32 32 
object 768 576 288 896 32 32 
object 992 576 288 896 32 32 
object 1216 512 96 640 32 32 
object 1472 576 96 640 32 32 
object 2112 512 544 544 32 32 
object 2144 512 544 544 32 32 
object 2304 512 544 544 32 32 
object 2336 512 544 544 32 32 
object 2112 672 320 512 32 32 
object 2304 672 320 512 32 32 
object 2112 576 0 544 32 32 
object 2144 576 0 544 32 32 
object 2112 608 0 544 32 32 
object 2144 608 0 544 32 32 
object 1984 448 96 640 32 32 
object 2240 448 96 640 32 32 
object 2112 448 0 1024 32 32 
object 2336 448 288 896 32 32 
object 2336 672 480 800 32 32 
object 2528 416 384 704 32 32 
object 2688 448 0 768 32 32 
object 2912 448 608 1056 32 32 downtown15.txt,0,576
object 2912 480 608 1088 32 32 downtown15.txt,0,576
billboard 1248 448 0 288 128 224 0.75 1 images\buildings.bmp
billboard 992 544 128 256 64 128 0.75 1 images\buildings.bmp
billboard 1120 544 128 256 64 128 0.75 1 images\buildings.bmp
billboard 1440 544 128 256 64 128 0.75 1 images\buildings.bmp
billboard 1856 416 128 256 64 128 0.75 1 images\buildings.bmp
billboard 960 576 128 256 64 128 0.75 1 images\buildings.bmp
