name noname
width 24
height 14
background downtown
bg_image_width 640
bg_image_height 480
bg_offset_x 0
bg_offset_y 0
bg_x_min -999999
bg_x_max 999999
bg_y_min 0
bg_y_max 999999
bg_translate_rate_x 0
bg_translate_rate_y 0.2
bgm city.mp3 0
mapchip 0 512 512 0 64 64 
mapchip 0 576 448 64 64 64 
mapchip 64 576 448 64 64 64 
mapchip 128 576 448 64 64 64 
mapchip 192 576 448 64 64 64 
mapchip 256 576 448 64 64 64 
mapchip 320 576 448 64 64 64 
mapchip 384 576 448 64 64 64 
mapchip 448 576 448 64 64 64 
mapchip 512 576 448 64 64 64 
mapchip 576 576 448 64 64 64 
mapchip 640 576 448 64 64 64 
mapchip 704 576 448 64 64 64 
mapchip 768 576 448 64 64 64 
mapchip 832 576 448 64 64 64 
mapchip 896 576 448 64 64 64 
mapchip 0 640 448 64 64 64 
mapchip 64 640 448 64 64 64 
mapchip 128 640 448 64 64 64 
mapchip 192 640 448 64 64 64 
mapchip 256 640 448 64 64 64 
mapchip 320 640 448 64 64 64 
mapchip 384 640 448 64 64 64 
mapchip 448 640 448 64 64 64 
mapchip 512 640 512 64 64 64 
mapchip 576 640 448 64 64 64 
mapchip 640 640 448 64 64 64 
mapchip 704 640 448 64 64 64 
mapchip 768 640 448 64 64 64 
mapchip 832 640 448 64 64 64 
mapchip 896 640 448 64 64 64 
mapchip 0 704 448 64 64 64 
mapchip 64 704 448 64 64 64 
mapchip 128 704 448 64 64 64 
mapchip 192 704 448 64 64 64 
mapchip 256 704 448 64 64 64 
mapchip 320 704 448 64 64 64 
mapchip 384 704 448 64 64 64 
mapchip 448 704 448 64 64 64 
mapchip 512 704 448 64 64 64 
mapchip 576 704 448 64 64 64 
mapchip 640 704 448 64 64 64 
mapchip 704 704 448 64 64 64 
mapchip 768 704 448 64 64 64 
mapchip 832 704 448 64 64 64 
mapchip 896 704 448 64 64 64 
mapchip 0 768 448 64 64 64 
mapchip 64 768 448 64 64 64 
mapchip 128 768 448 64 64 64 
mapchip 192 768 448 64 64 64 
mapchip 256 768 448 64 64 64 
mapchip 320 768 448 64 64 64 
mapchip 384 768 448 64 64 64 
mapchip 448 768 448 64 64 64 
mapchip 512 768 448 64 64 64 
mapchip 576 768 448 64 64 64 
mapchip 640 768 448 64 64 64 
mapchip 704 768 448 64 64 64 
mapchip 768 768 448 64 64 64 
mapchip 832 768 448 64 64 64 
mapchip 896 768 448 64 64 64 
mapchip 64 512 512 0 64 64 
mapchip 128 512 512 0 64 64 
mapchip 192 512 512 0 64 64 
mapchip 256 512 512 0 64 64 
mapchip 320 512 512 0 64 64 
mapchip 384 512 512 0 64 64 
mapchip 448 512 512 0 64 64 
mapchip 512 512 512 0 64 64 
mapchip 576 512 512 0 64 64 
mapchip 640 512 512 0 64 64 
mapchip 704 512 512 0 64 64 
mapchip 512 448 0 64 64 64 
mapchip 576 384 0 64 64 64 
mapchip 640 320 128 640 64 64 
mapchip 704 320 128 640 64 64 
mapchip 768 320 128 640 64 64 
mapchip 832 320 128 640 64 64 
mapchip 896 320 128 640 64 64 
mapchip 960 320 128 640 64 64 
mapchip 576 448 0 64 64 64 
mapchip 640 384 0 64 64 64 
mapchip 1024 320 128 640 64 64 
mapchip 768 512 512 0 64 64 
mapchip 832 512 512 0 64 64 
mapchip 896 512 512 0 64 64 
mapchip 960 512 512 0 64 64 
mapchip 1024 512 512 0 64 64 
mapchip 1088 512 512 0 64 64 
mapchip 1152 512 512 0 64 64 
mapchip 1216 512 512 0 64 64 
mapchip 1280 512 512 0 64 64 
mapchip 1344 512 512 0 64 64 
mapchip 1408 512 512 0 64 64 
mapchip 1472 512 512 0 64 64 
mapchip 1024 384 0 64 64 64 
mapchip 1088 384 0 64 64 64 
mapchip 1088 448 0 64 64 64 
mapchip 1152 448 0 64 64 64 
mapchip 960 576 448 64 64 64 
mapchip 1024 576 448 64 64 64 
mapchip 1088 576 448 64 64 64 
mapchip 1152 576 448 64 64 64 
mapchip 1216 576 448 64 64 64 
mapchip 1280 576 448 64 64 64 
mapchip 1344 576 448 64 64 64 
mapchip 1408 576 448 64 64 64 
mapchip 1472 576 448 64 64 64 
mapchip 1536 576 448 64 64 64 
mapchip 960 640 448 64 64 64 
mapchip 1024 640 448 64 64 64 
mapchip 1088 640 448 64 64 64 
mapchip 1152 640 448 64 64 64 
mapchip 1216 640 512 64 64 64 
mapchip 1280 640 448 64 64 64 
mapchip 1344 640 448 64 64 64 
mapchip 1408 640 448 64 64 64 
mapchip 1472 640 448 64 64 64 
mapchip 1536 640 448 64 64 64 
mapchip 960 704 448 64 64 64 
mapchip 1024 704 448 64 64 64 
mapchip 1088 704 448 64 64 64 
mapchip 1152 704 448 64 64 64 
mapchip 1216 704 448 64 64 64 
mapchip 1280 704 448 64 64 64 
mapchip 1344 704 448 64 64 64 
mapchip 1408 704 448 64 64 64 
mapchip 1472 704 448 64 64 64 
mapchip 1536 704 448 64 64 64 
mapchip 960 768 448 64 64 64 
mapchip 1024 768 448 64 64 64 
mapchip 1088 768 448 64 64 64 
mapchip 1152 768 448 64 64 64 
mapchip 1216 768 448 64 64 64 
mapchip 1280 768 448 64 64 64 
mapchip 1344 768 448 64 64 64 
mapchip 1408 768 448 64 64 64 
mapchip 1472 768 448 64 64 64 
mapchip 1536 768 448 64 64 64 
mapchip 192 384 576 384 64 64 
mapchip 192 448 576 448 64 64 
mapchip 768 384 576 384 64 64 
mapchip 768 448 576 448 64 64 
mapchip 1344 448 576 448 64 64 
mapchip 1344 384 576 384 64 64 
mapchip 640 256 448 256 64 64 
mapchip 704 256 448 256 64 64 
mapchip 768 256 448 256 64 64 
mapchip 832 256 448 256 64 64 
mapchip 896 256 448 256 64 64 
mapchip 960 256 448 256 64 64 
mapchip 1024 256 448 256 64 64 
mapchip 512 384 448 256 64 64 
mapchip 448 448 448 256 64 64 
mapchip 576 320 448 256 64 64 
mapchip 1088 320 448 256 64 64 
mapchip 1152 384 448 256 64 64 
object 0 448 608 1056 32 32 downtown2.txt,352,64
object 0 480 608 1088 32 32 downtown2.txt,352,64
object 1504 480 608 1088 32 32 downtown10.txt,0,576
object 1504 448 608 1056 32 32 downtown10.txt,0,576
object 352 448 0 1024 32 32 
object 800 256 0 1152 32 32 
object 992 256 0 1024 32 32 
billboard 384 384 0 288 128 128 0.925 1 images\buildings.bmp
billboard 640 448 0 288 128 128 0.925 1 images\buildings.bmp
billboard 192 416 128 256 64 128 0.925 1 images\buildings.bmp
billboard 960 416 128 256 64 128 0.925 1 images\buildings.bmp
billboard 1248 416 128 256 64 128 0.925 1 images\buildings.bmp
