name noname
width 36
height 14
background forest
bg_image_width 640
bg_image_height 480
bg_offset_x 0
bg_offset_y -40
bg_x_min -999999
bg_x_max 999999
bg_y_min -999999
bg_y_max 999999
bg_translate_rate_x 0
bg_translate_rate_y 0
bgm forest.mp3 6.27
mapchip 0 192 384 0 64 64 
mapchip 0 256 384 0 64 64 
mapchip 0 320 384 0 64 64 
mapchip 0 384 384 0 64 64 
mapchip 0 448 384 0 64 64 
mapchip 0 512 384 0 64 64 
mapchip 0 576 384 0 64 64 
mapchip 0 640 384 0 64 64 
mapchip 0 704 384 0 64 64 
mapchip 0 768 576 0 64 64 
mapchip 64 768 576 0 64 64 
mapchip 128 768 576 0 64 64 
mapchip 192 768 576 0 64 64 
mapchip 256 768 576 0 64 64 
mapchip 0 0 320 0 64 64 
mapchip 0 64 384 0 64 64 
mapchip 0 128 640 320 64 64 
mapchip 64 256 576 64 64 64 
mapchip 128 256 576 64 64 64 
mapchip 256 192 576 64 64 64 
mapchip 128 320 640 64 64 64 
mapchip 128 384 640 64 64 64 
mapchip 128 448 640 64 64 64 
mapchip 128 512 640 64 64 64 
mapchip 64 320 640 64 64 64 
mapchip 64 384 640 64 64 64 
mapchip 64 448 640 64 64 64 
mapchip 64 512 640 64 64 64 
mapchip 256 320 320 64 64 64 
mapchip 192 320 320 64 64 64 
mapchip 320 320 320 64 64 64 
mapchip 384 320 320 64 64 64 
mapchip 448 320 320 64 64 64 
mapchip 512 320 640 64 64 64 
mapchip 128 576 384 0 64 64 
mapchip 128 640 384 0 64 64 
mapchip 128 704 384 0 64 64 
mapchip 64 576 384 0 64 64 
mapchip 64 640 384 0 64 64 
mapchip 64 704 384 0 64 64 
mapchip 384 192 320 0 64 64 
mapchip 512 192 320 0 64 64 
mapchip 256 256 640 320 64 64 
mapchip 384 256 640 320 64 64 
mapchip 512 256 640 320 64 64 
mapchip 576 448 384 0 64 64 
mapchip 576 512 384 0 64 64 
mapchip 576 576 384 0 64 64 
mapchip 576 384 320 0 64 64 
mapchip 640 448 320 0 64 64 
mapchip 768 320 320 0 64 64 
mapchip 704 448 320 0 64 64 
mapchip 640 512 384 0 64 64 
mapchip 704 512 384 0 64 64 
mapchip 640 576 384 0 64 64 
mapchip 704 576 384 0 64 64 
mapchip 768 384 384 0 64 64 
mapchip 768 448 384 0 64 64 
mapchip 768 512 384 0 64 64 
mapchip 768 576 384 0 64 64 
mapchip 512 384 640 64 64 64 
mapchip 512 448 640 64 64 64 
mapchip 512 512 640 64 64 64 
mapchip 512 576 640 64 64 64 
mapchip 576 192 384 64 64 64 
mapchip 640 192 384 64 64 64 
mapchip 704 192 384 128 64 64 
mapchip 832 384 320 0 64 64 
mapchip 896 448 320 0 64 64 
mapchip 832 448 384 0 64 64 
mapchip 832 512 384 0 64 64 
mapchip 832 576 384 0 64 64 
mapchip 896 512 384 0 64 64 
mapchip 896 576 384 0 64 64 
mapchip 1024 384 320 192 64 64 
mapchip 1088 384 320 128 64 64 
mapchip 960 512 320 64 64 64 
mapchip 1024 512 320 64 64 64 
mapchip 1088 512 320 64 64 64 
mapchip 1152 512 320 64 64 64 
mapchip 1216 512 320 64 64 64 
mapchip 1280 512 320 64 64 64 
mapchip 1984 768 576 0 64 64 
mapchip 2048 768 576 0 64 64 
mapchip 2112 768 576 0 64 64 
mapchip 2176 768 576 0 64 64 
mapchip 2240 768 576 0 64 64 
mapchip 1408 256 320 128 64 64 
mapchip 1344 256 320 192 64 64 
mapchip 1088 192 320 128 64 64 
mapchip 1344 320 320 0 64 64 
mapchip 1344 384 384 0 64 64 
mapchip 1344 448 384 0 64 64 
mapchip 1344 512 384 0 64 64 
mapchip 1344 576 384 0 64 64 
mapchip 1344 704 384 0 64 64 
mapchip 1344 640 384 0 64 64 
mapchip 1408 384 320 0 64 64 
mapchip 1472 384 320 0 64 64 
mapchip 1536 384 320 0 64 64 
mapchip 1408 448 384 0 64 64 
mapchip 1472 448 384 0 64 64 
mapchip 1536 448 384 0 64 64 
mapchip 1408 512 384 0 64 64 
mapchip 1472 512 384 0 64 64 
mapchip 1536 512 384 0 64 64 
mapchip 1600 448 384 0 64 64 
mapchip 1600 512 384 0 64 64 
mapchip 1600 384 384 0 64 64 
mapchip 1600 320 320 0 64 64 
mapchip 1728 256 320 0 64 64 
mapchip 1664 384 320 64 64 64 
mapchip 1728 384 640 64 64 64 
mapchip 1856 384 640 320 64 64 
mapchip 1984 384 576 64 64 64 
mapchip 1728 320 640 320 64 64 
mapchip 1856 320 576 64 64 64 
mapchip 1984 448 640 320 64 64 
mapchip 1792 448 576 64 64 64 
mapchip 1920 512 576 64 64 64 
mapchip 1856 448 640 64 64 64 
mapchip 1856 512 640 64 64 64 
mapchip 1856 576 640 64 64 64 
mapchip 1856 640 640 64 64 64 
mapchip 1728 448 640 64 64 64 
mapchip 1728 512 640 64 64 64 
mapchip 1728 576 640 64 64 64 
mapchip 1984 512 640 64 64 64 
mapchip 1792 512 640 64 64 64 
mapchip 1792 576 640 64 64 64 
mapchip 1792 640 640 64 64 64 
mapchip 1920 576 640 64 64 64 
mapchip 1984 576 640 64 64 64 
mapchip 1920 640 640 64 64 64 
mapchip 1984 640 640 64 64 64 
mapchip 1984 704 640 64 64 64 
mapchip 2048 576 576 64 64 64 
mapchip 2112 448 576 64 64 64 
mapchip 2176 512 576 0 64 64 
mapchip 2240 512 576 0 64 64 
mapchip 2112 576 640 0 64 64 
mapchip 2176 576 640 0 64 64 
mapchip 2240 576 640 0 64 64 
mapchip 2112 640 640 0 64 64 
mapchip 2176 640 640 0 64 64 
mapchip 2240 640 640 0 64 64 
mapchip 2112 512 384 0 64 64 
mapchip 2048 640 384 0 64 64 
mapchip 1600 576 384 0 64 64 
mapchip 1024 192 320 192 64 64 
mapchip 960 448 0 576 64 64 
mapchip 1024 448 0 576 64 64 
mapchip 1088 448 0 576 64 64 
mapchip 1152 448 0 576 64 64 
mapchip 1216 448 0 576 64 64 
mapchip 1280 448 0 576 64 64 
object 0 128 608 1056 32 32 forest4.txt,608,448
object 0 160 608 1088 32 32 forest4.txt,608,448
object 1216 320 0 864 32 32 180,0
object 1600 256 352 832 32 32 
object 544 160 384 1024 32 32 
object 864 352 384 1024 32 32 
object 928 416 384 1024 32 32 
object 1792 160 320 704 32 32 
object 2048 256 320 704 32 32 
object 320 96 0 544 32 32 
object 448 96 0 544 32 32 
object 704 384 0 544 32 32 
object 704 416 0 544 32 32 
object 736 384 0 544 32 32 
object 736 416 0 544 32 32 
object 1216 288 0 544 32 32 
object 1312 480 0 544 32 32 
object 1792 192 0 544 32 32 
object 1920 256 0 544 32 32 
object 1888 288 384 1024 32 32 
object 2016 352 384 1024 32 32 
object 2144 416 384 1024 32 32 
object 2272 448 608 1056 32 32 forest6.txt,0,832
object 2272 480 608 1088 32 32 forest6.txt,0,832
object 1056 160 608 512 32 32 30
object 1856 384 608 1056 32 32 forest7.txt,0,448
billboard 160 224 0 0 64 96 0.75 1 images\trees.bmp
billboard 352 224 0 0 64 96 0.75 1 images\trees.bmp
billboard 1056 480 128 0 64 32 0.75 1 images\trees.bmp
billboard 1248 480 128 0 64 32 0.75 1 images\trees.bmp
