name noname
width 36
height 14
background garden
bg_image_width 640
bg_image_height 480
bg_offset_x 0
bg_offset_y 80
bg_x_min -999999
bg_x_max 999999
bg_y_min 0
bg_y_max 999999
bg_translate_rate_x 0
bg_translate_rate_y 0.4
bgm none 0
mapchip 0 704 320 384 64 64 
mapchip 64 704 320 384 64 64 
mapchip 128 704 320 384 64 64 
mapchip 192 704 320 384 64 64 
mapchip 256 704 320 384 64 64 
mapchip 320 704 448 64 64 64 
mapchip 320 640 384 384 64 64 
mapchip 384 640 384 384 64 64 
mapchip 448 640 384 384 64 64 
mapchip 512 640 320 384 64 64 
mapchip 576 640 320 384 64 64 
mapchip 640 640 320 384 64 64 
mapchip 384 704 448 64 64 64 
mapchip 448 704 448 64 64 64 
mapchip 512 704 448 64 64 64 
mapchip 576 704 448 64 64 64 
mapchip 0 768 448 64 64 64 
mapchip 64 768 448 64 64 64 
mapchip 128 768 448 64 64 64 
mapchip 192 768 448 64 64 64 
mapchip 256 768 448 64 64 64 
mapchip 320 768 512 64 64 64 
mapchip 384 768 448 64 64 64 
mapchip 448 768 448 64 64 64 
mapchip 512 768 448 64 64 64 
mapchip 576 768 448 64 64 64 
mapchip 0 832 448 64 64 64 
mapchip 64 832 448 64 64 64 
mapchip 128 832 448 64 64 64 
mapchip 192 832 448 64 64 64 
mapchip 256 832 448 64 64 64 
mapchip 320 832 448 64 64 64 
mapchip 384 832 448 64 64 64 
mapchip 448 832 448 64 64 64 
mapchip 512 832 448 64 64 64 
mapchip 576 832 448 64 64 64 
mapchip 640 704 448 64 64 64 
mapchip 640 768 448 64 64 64 
mapchip 640 832 448 64 64 64 
mapchip 704 640 320 384 64 64 
mapchip 768 640 320 384 64 64 
mapchip 704 704 448 64 64 64 
mapchip 768 704 448 64 64 64 
mapchip 704 768 448 64 64 64 
mapchip 768 768 448 64 64 64 
mapchip 704 832 448 64 64 64 
mapchip 768 832 448 64 64 64 
mapchip 704 896 448 64 64 64 
mapchip 768 896 448 64 64 64 
mapchip 576 576 448 384 64 64 
mapchip 640 576 512 384 64 64 
mapchip 704 576 448 384 64 64 
mapchip 576 512 832 128 64 64 
mapchip 640 512 832 128 64 64 
mapchip 704 512 832 128 64 64 
mapchip 832 640 320 384 64 64 
mapchip 896 640 320 384 64 64 
mapchip 960 640 320 384 64 64 
mapchip 960 512 832 128 64 64 
mapchip 896 512 832 128 64 64 
mapchip 896 576 448 384 64 64 
mapchip 960 576 512 384 64 64 
mapchip 1024 576 448 384 64 64 
mapchip 1024 512 832 128 64 64 
mapchip 832 704 512 64 64 64 
mapchip 896 704 448 64 64 64 
mapchip 960 704 448 64 64 64 
mapchip 1024 704 448 64 64 64 
mapchip 1088 704 448 64 64 64 
mapchip 832 768 448 64 64 64 
mapchip 896 768 448 64 64 64 
mapchip 960 768 448 64 64 64 
mapchip 1024 768 448 64 64 64 
mapchip 1088 768 448 64 64 64 
mapchip 832 832 448 64 64 64 
mapchip 896 832 448 64 64 64 
mapchip 960 832 448 64 64 64 
mapchip 1024 832 448 64 64 64 
mapchip 1088 832 448 64 64 64 
mapchip 1024 640 320 384 64 64 
mapchip 1088 640 320 384 64 64 
mapchip 1152 640 320 384 64 64 
mapchip 1216 640 320 384 64 64 
mapchip 1152 704 448 64 64 64 
mapchip 1216 704 448 64 64 64 
mapchip 1280 704 448 64 64 64 
mapchip 1344 704 448 64 64 64 
mapchip 1152 768 448 64 64 64 
mapchip 1216 768 448 64 64 64 
mapchip 1280 768 448 64 64 64 
mapchip 1344 768 448 64 64 64 
mapchip 1152 832 448 64 64 64 
mapchip 1216 832 448 64 64 64 
mapchip 1280 832 448 64 64 64 
mapchip 1344 832 448 64 64 64 
mapchip 1408 704 448 64 64 64 
mapchip 1472 704 448 64 64 64 
mapchip 1536 704 448 64 64 64 
mapchip 1600 704 448 64 64 64 
mapchip 1664 704 448 64 64 64 
mapchip 1728 704 448 64 64 64 
mapchip 1792 704 448 64 64 64 
mapchip 1856 704 448 64 64 64 
mapchip 1920 704 448 64 64 64 
mapchip 1984 704 448 64 64 64 
mapchip 1408 768 448 64 64 64 
mapchip 1472 768 448 64 64 64 
mapchip 1536 768 448 64 64 64 
mapchip 1600 768 448 64 64 64 
mapchip 1664 768 448 64 64 64 
mapchip 1728 768 448 64 64 64 
mapchip 1792 768 448 64 64 64 
mapchip 1856 768 448 64 64 64 
mapchip 1920 768 448 64 64 64 
mapchip 1984 768 448 64 64 64 
mapchip 1408 832 448 64 64 64 
mapchip 1472 832 448 64 64 64 
mapchip 1536 832 448 64 64 64 
mapchip 1600 832 448 64 64 64 
mapchip 1664 832 448 64 64 64 
mapchip 1728 832 448 64 64 64 
mapchip 1792 832 448 64 64 64 
mapchip 1856 832 448 64 64 64 
mapchip 1920 832 448 64 64 64 
mapchip 1984 832 448 64 64 64 
mapchip 2048 704 448 64 64 64 
mapchip 2112 704 448 64 64 64 
mapchip 2176 704 448 64 64 64 
mapchip 2240 704 448 64 64 64 
mapchip 2048 768 448 64 64 64 
mapchip 2112 768 448 64 64 64 
mapchip 2176 768 448 64 64 64 
mapchip 2240 768 448 64 64 64 
mapchip 2048 832 448 64 64 64 
mapchip 2112 832 448 64 64 64 
mapchip 2176 832 448 64 64 64 
mapchip 2240 832 448 64 64 64 
mapchip 1280 640 320 384 64 64 
mapchip 1344 640 320 384 64 64 
mapchip 1408 640 320 384 64 64 
mapchip 1472 640 320 384 64 64 
mapchip 1536 640 320 384 64 64 
mapchip 1600 640 320 384 64 64 
mapchip 1216 576 192 384 64 64 
mapchip 1280 576 256 384 64 64 
mapchip 1344 576 256 384 64 64 
mapchip 1408 576 192 384 64 64 
mapchip 1088 576 128 384 64 64 
mapchip 1152 576 128 384 64 64 
mapchip 768 576 128 384 64 64 
mapchip 832 576 128 384 64 64 
mapchip 512 576 128 384 64 64 
mapchip 1664 576 384 384 64 64 
mapchip 1728 576 384 384 64 64 
mapchip 1792 576 384 384 64 64 
mapchip 1664 640 448 64 64 64 
mapchip 1728 640 448 64 64 64 
mapchip 1792 640 448 64 64 64 
mapchip 1856 640 448 64 64 64 
mapchip 1920 640 448 64 64 64 
mapchip 1984 640 448 64 64 64 
mapchip 2048 640 448 64 64 64 
mapchip 2112 640 448 64 64 64 
mapchip 2176 640 448 64 64 64 
mapchip 2240 640 448 64 64 64 
mapchip 1856 576 832 0 64 64 
mapchip 1920 576 832 0 64 64 
mapchip 1984 576 832 0 64 64 
mapchip 2048 576 832 0 64 64 
mapchip 2112 576 832 0 64 64 
mapchip 2176 576 832 0 64 64 
mapchip 2240 576 832 0 64 64 
mapchip 1728 320 832 64 64 64 
mapchip 1792 320 832 64 64 64 
mapchip 1856 320 832 64 64 64 
mapchip 1920 320 832 64 64 64 
mapchip 1984 320 832 64 64 64 
mapchip 2048 320 832 64 64 64 
mapchip 2112 320 832 64 64 64 
mapchip 2176 320 832 64 64 64 
mapchip 2240 320 832 64 64 64 
mapchip 2304 320 832 0 64 64 
mapchip 1728 384 832 64 64 64 
mapchip 1792 384 832 64 64 64 
mapchip 1856 384 832 64 64 64 
mapchip 1920 384 832 64 64 64 
mapchip 1984 384 832 64 64 64 
mapchip 2048 384 832 64 64 64 
mapchip 2112 384 832 64 64 64 
mapchip 2176 384 832 64 64 64 
mapchip 2240 384 832 64 64 64 
mapchip 2304 384 832 0 64 64 
mapchip 1984 0 832 64 64 64 
mapchip 2048 0 832 64 64 64 
mapchip 2112 0 832 64 64 64 
mapchip 2176 0 832 64 64 64 
mapchip 2240 0 832 64 64 64 
mapchip 1984 64 832 64 64 64 
mapchip 2048 64 832 64 64 64 
mapchip 2112 64 832 64 64 64 
mapchip 2176 64 832 64 64 64 
mapchip 2240 64 832 64 64 64 
mapchip 1984 128 832 64 64 64 
mapchip 2048 128 832 64 64 64 
mapchip 2112 128 832 64 64 64 
mapchip 2176 128 832 64 64 64 
mapchip 2240 128 832 64 64 64 
mapchip 1984 192 832 64 64 64 
mapchip 2048 192 832 64 64 64 
mapchip 2112 192 832 64 64 64 
mapchip 2176 192 832 64 64 64 
mapchip 2240 192 832 64 64 64 
mapchip 1984 256 832 64 64 64 
mapchip 2048 256 832 64 64 64 
mapchip 2112 256 832 64 64 64 
mapchip 2176 256 832 64 64 64 
mapchip 2240 256 832 64 64 64 
mapchip 1856 448 448 384 64 64 
mapchip 1920 448 448 384 64 64 
mapchip 1984 448 448 384 64 64 
mapchip 2048 448 512 384 64 64 
mapchip 2112 448 448 384 64 64 
mapchip 2176 448 448 384 64 64 
mapchip 2240 448 448 384 64 64 
mapchip 1856 512 448 384 64 64 
mapchip 1920 512 448 384 64 64 
mapchip 1984 512 448 384 64 64 
mapchip 2048 512 448 384 64 64 
mapchip 2112 512 448 384 64 64 
mapchip 2176 512 448 384 64 64 
mapchip 2240 512 448 384 64 64 
mapchip 1472 576 128 384 64 64 
mapchip 1536 576 128 384 64 64 
mapchip 1600 576 128 384 64 64 
object 0 640 608 1056 32 32 garden1.txt,2208,768
object 0 672 608 1088 32 32 garden1.txt,2208,768
object 2272 512 608 1056 32 32 mansion1.txt,64,640
object 2272 544 608 1088 32 32 mansion1.txt,64,640
object 1728 544 448 960 32 32 
object 576 480 448 960 32 32 
object 896 480 448 960 32 32 
