name noname
width 35
height 16
background garden
bg_image_width 640
bg_image_height 480
bg_offset_x 0
bg_offset_y 160
bg_x_min -999999
bg_x_max 999999
bg_y_min -999999
bg_y_max 999999
bg_translate_rate_x 0
bg_translate_rate_y 0.4
bgm none 0
mapchip 0 832 448 0 64 64 
mapchip 64 832 448 0 64 64 
mapchip 128 832 448 0 64 64 
mapchip 192 832 448 0 64 64 
mapchip 256 832 448 0 64 64 
mapchip 0 896 448 64 64 64 
mapchip 64 896 448 64 64 64 
mapchip 128 896 448 64 64 64 
mapchip 192 896 448 64 64 64 
mapchip 256 896 448 64 64 64 
mapchip 320 896 448 64 64 64 
mapchip 384 896 448 64 64 64 
mapchip 448 896 512 64 64 64 
mapchip 0 768 448 256 64 64 
mapchip 64 768 448 256 64 64 
mapchip 192 576 512 256 64 64 
mapchip 192 640 512 256 64 64 
mapchip 192 704 512 256 64 64 
mapchip 192 768 512 256 64 64 
mapchip 320 768 128 384 64 64 
mapchip 384 768 128 384 64 64 
mapchip 448 768 128 384 64 64 
mapchip 512 768 128 384 64 64 
mapchip 320 832 448 0 64 64 
mapchip 384 832 320 384 64 64 
mapchip 448 832 320 384 64 64 
mapchip 512 832 320 384 64 64 
mapchip 576 832 320 384 64 64 
mapchip 512 896 448 64 64 64 
mapchip 576 896 448 64 64 64 
mapchip 640 896 448 64 64 64 
mapchip 704 896 448 64 64 64 
mapchip 768 896 448 64 64 64 
mapchip 640 768 256 384 64 64 
mapchip 704 768 256 384 64 64 
mapchip 640 832 320 384 64 64 
mapchip 704 832 320 384 64 64 
mapchip 768 832 320 384 64 64 
mapchip 832 832 384 384 64 64 
mapchip 896 832 384 384 64 64 
mapchip 960 832 384 384 64 64 
mapchip 1024 832 384 384 64 64 
mapchip 1088 832 384 384 64 64 
mapchip 832 896 448 64 64 64 
mapchip 896 896 448 64 64 64 
mapchip 960 896 512 64 64 64 
mapchip 1024 896 448 64 64 64 
mapchip 1088 896 448 64 64 64 
mapchip 1152 896 320 384 64 64 
mapchip 1216 896 320 384 64 64 
mapchip 1280 896 320 384 64 64 
mapchip 1344 896 320 384 64 64 
mapchip 1408 896 320 384 64 64 
mapchip 1472 832 384 384 64 64 
mapchip 1536 832 384 384 64 64 
mapchip 1600 832 384 384 64 64 
mapchip 1664 832 384 384 64 64 
mapchip 1728 832 384 384 64 64 
mapchip 1792 832 320 384 64 64 
mapchip 1856 832 320 384 64 64 
mapchip 1920 832 320 384 64 64 
mapchip 1984 832 320 384 64 64 
mapchip 2048 832 320 384 64 64 
mapchip 2112 832 320 384 64 64 
mapchip 2176 832 320 384 64 64 
mapchip 1664 896 512 64 64 64 
mapchip 1728 896 448 64 64 64 
mapchip 1792 896 448 64 64 64 
mapchip 1856 896 448 64 64 64 
mapchip 1920 896 448 64 64 64 
mapchip 1984 896 448 64 64 64 
mapchip 2048 896 448 64 64 64 
mapchip 2112 896 448 64 64 64 
mapchip 2176 896 448 64 64 64 
mapchip 1664 960 448 64 64 64 
mapchip 1728 960 448 64 64 64 
mapchip 1792 960 448 64 64 64 
mapchip 1856 960 448 64 64 64 
mapchip 1920 960 448 64 64 64 
mapchip 1984 960 448 64 64 64 
mapchip 2048 960 448 64 64 64 
mapchip 2112 960 448 64 64 64 
mapchip 2176 960 448 64 64 64 
mapchip 1216 960 448 64 64 64 
mapchip 1280 960 512 64 64 64 
mapchip 1344 960 448 64 64 64 
mapchip 1408 960 448 64 64 64 
mapchip 1472 960 448 64 64 64 
mapchip 1536 960 448 64 64 64 
mapchip 1600 960 448 64 64 64 
mapchip 1472 896 448 64 64 64 
mapchip 1536 896 448 64 64 64 
mapchip 1600 896 448 64 64 64 
mapchip 0 960 448 64 64 64 
mapchip 64 960 448 64 64 64 
mapchip 128 960 448 64 64 64 
mapchip 192 960 448 64 64 64 
mapchip 256 960 448 64 64 64 
mapchip 320 960 448 64 64 64 
mapchip 384 960 448 64 64 64 
mapchip 448 960 448 64 64 64 
mapchip 512 960 448 64 64 64 
mapchip 576 960 448 64 64 64 
mapchip 640 960 448 64 64 64 
mapchip 704 960 448 64 64 64 
mapchip 768 960 448 64 64 64 
mapchip 832 960 448 64 64 64 
mapchip 896 960 448 64 64 64 
mapchip 960 960 448 64 64 64 
mapchip 1024 960 448 64 64 64 
mapchip 1088 960 448 64 64 64 
mapchip 1152 960 448 64 64 64 
mapchip 576 768 256 384 64 64 
mapchip 1920 768 128 384 64 64 
mapchip 1984 768 128 384 64 64 
mapchip 2048 768 128 384 64 64 
mapchip 2112 768 128 384 64 64 
mapchip 2176 768 128 384 64 64 
object 0 768 608 1056 32 32 boss_room4.txt,864,448
object 0 800 608 1088 32 32 boss_room4.txt,864,448
object 2208 768 608 1056 32 32 garden2.txt,0,640
object 2208 800 608 1088 32 32 garden2.txt,0,640
