name noname
width 40
height 12
background ground
bg_image_width 640
bg_image_height 480
bg_offset_x 0
bg_offset_y 32
bg_x_min -999999
bg_x_max 999999
bg_y_min -999999
bg_y_max 999999
bg_translate_rate_x 0.8
bg_translate_rate_y 0.8
bgm grassland.mp3 5.24
mapchip 64 512 192 128 64 64 
mapchip 128 512 192 128 64 64 
mapchip 192 512 192 128 64 64 
mapchip 256 512 192 128 64 64 
mapchip 320 512 192 128 64 64 
mapchip 384 512 192 128 64 64 
mapchip 448 512 192 128 64 64 
mapchip 0 576 448 64 64 64 
mapchip 64 576 448 64 64 64 
mapchip 128 576 448 64 64 64 
mapchip 192 576 448 64 64 64 
mapchip 256 576 448 64 64 64 
mapchip 320 576 448 64 64 64 
mapchip 384 576 448 64 64 64 
mapchip 448 576 448 64 64 64 
mapchip 0 640 448 64 64 64 
mapchip 64 640 448 64 64 64 
mapchip 128 640 448 64 64 64 
mapchip 192 640 448 64 64 64 
mapchip 256 640 448 64 64 64 
mapchip 320 640 448 64 64 64 
mapchip 384 640 448 64 64 64 
mapchip 448 640 448 64 64 64 
mapchip 0 512 192 128 64 64 
mapchip 512 512 192 128 64 64 
mapchip 576 512 192 128 64 64 
mapchip 640 512 192 128 64 64 
mapchip 704 512 192 128 64 64 
mapchip 768 512 192 128 64 64 
mapchip 832 512 192 128 64 64 
mapchip 0 448 448 256 64 64 
mapchip 64 448 448 256 64 64 
mapchip 128 448 448 256 64 64 
mapchip 448 448 448 192 64 64 
mapchip 512 448 512 192 64 64 
mapchip 576 448 448 192 64 64 
mapchip 896 512 192 128 64 64 
mapchip 960 448 192 128 64 64 
mapchip 1024 448 192 128 64 64 
mapchip 1088 448 192 128 64 64 
mapchip 1152 512 192 128 64 64 
mapchip 1216 512 192 128 64 64 
mapchip 1280 512 192 128 64 64 
mapchip 1344 512 192 128 64 64 
mapchip 1408 448 192 128 64 64 
mapchip 1472 448 192 128 64 64 
mapchip 1536 448 192 128 64 64 
mapchip 1600 512 192 128 64 64 
mapchip 1664 512 192 128 64 64 
mapchip 1728 512 192 128 64 64 
mapchip 1792 512 192 128 64 64 
mapchip 1856 512 192 128 64 64 
mapchip 1920 512 192 128 64 64 
mapchip 1984 512 192 128 64 64 
mapchip 2048 512 192 128 64 64 
mapchip 2112 512 192 128 64 64 
mapchip 2176 512 192 128 64 64 
mapchip 2240 512 192 128 64 64 
mapchip 2304 512 192 128 64 64 
mapchip 2368 512 192 128 64 64 
mapchip 2432 448 192 128 64 64 
mapchip 2496 448 192 128 64 64 
mapchip 512 576 448 64 64 64 
mapchip 576 576 448 64 64 64 
mapchip 640 576 448 64 64 64 
mapchip 704 576 448 64 64 64 
mapchip 768 576 448 64 64 64 
mapchip 512 640 448 64 64 64 
mapchip 576 640 448 64 64 64 
mapchip 640 640 448 64 64 64 
mapchip 704 640 448 64 64 64 
mapchip 768 640 448 64 64 64 
mapchip 960 512 448 64 64 64 
mapchip 1024 512 448 64 64 64 
mapchip 1088 512 448 64 64 64 
mapchip 832 576 448 64 64 64 
mapchip 896 576 448 64 64 64 
mapchip 960 576 448 64 64 64 
mapchip 1024 576 448 64 64 64 
mapchip 832 640 448 64 64 64 
mapchip 896 640 448 64 64 64 
mapchip 960 640 448 64 64 64 
mapchip 1024 640 448 64 64 64 
mapchip 1216 448 576 256 64 64 
mapchip 1280 448 576 256 64 64 
mapchip 1344 448 576 256 64 64 
mapchip 1088 576 448 64 64 64 
mapchip 1152 576 448 64 64 64 
mapchip 1216 576 448 64 64 64 
mapchip 1280 576 448 64 64 64 
mapchip 1344 576 448 64 64 64 
mapchip 1408 576 448 64 64 64 
mapchip 1472 576 448 64 64 64 
mapchip 1088 640 448 64 64 64 
mapchip 1152 640 448 64 64 64 
mapchip 1216 640 448 64 64 64 
mapchip 1280 640 448 64 64 64 
mapchip 1344 640 448 64 64 64 
mapchip 1408 640 448 64 64 64 
mapchip 1472 640 448 64 64 64 
mapchip 1408 512 448 64 64 64 
mapchip 1472 512 448 64 64 64 
mapchip 1536 512 448 64 64 64 
mapchip 1536 576 448 64 64 64 
mapchip 1600 576 448 64 64 64 
mapchip 1536 640 448 64 64 64 
mapchip 1600 640 448 64 64 64 
mapchip 2240 448 448 256 64 64 
mapchip 2304 448 448 256 64 64 
mapchip 2368 448 448 256 64 64 
mapchip 1664 576 448 64 64 64 
mapchip 1728 576 448 64 64 64 
mapchip 1792 576 448 64 64 64 
mapchip 1856 576 448 64 64 64 
mapchip 1920 576 448 64 64 64 
mapchip 1984 576 448 64 64 64 
mapchip 2048 576 448 64 64 64 
mapchip 1664 640 448 64 64 64 
mapchip 1728 640 448 64 64 64 
mapchip 1792 640 448 64 64 64 
mapchip 1856 640 448 64 64 64 
mapchip 1920 640 448 64 64 64 
mapchip 1984 640 448 64 64 64 
mapchip 2048 640 448 64 64 64 
mapchip 2112 576 448 64 64 64 
mapchip 2176 576 448 64 64 64 
mapchip 2240 576 448 64 64 64 
mapchip 2304 576 448 64 64 64 
mapchip 2368 576 448 64 64 64 
mapchip 2112 640 448 64 64 64 
mapchip 2176 640 448 64 64 64 
mapchip 2240 640 448 64 64 64 
mapchip 2304 640 448 64 64 64 
mapchip 2368 640 448 64 64 64 
mapchip 2432 512 448 64 64 64 
mapchip 2496 512 448 64 64 64 
mapchip 2432 576 448 64 64 64 
mapchip 2496 576 448 64 64 64 
mapchip 2432 640 448 64 64 64 
mapchip 2496 640 448 64 64 64 
mapchip 768 448 384 256 64 64 
object 0 448 608 1056 32 32 boss_room1.txt,992,320
object 0 480 608 1088 32 32 boss_room1.txt,992,320
object 448 416 0 1024 32 32 
object 736 448 0 1152 32 32 
object 864 448 0 1024 32 32 
object 160 384 0 544 32 32 
object 384 384 0 544 32 32 
object 896 320 0 544 32 32 
object 1248 480 0 544 32 32 
object 1760 448 0 704 32 32 
object 1888 448 0 704 32 32 
object 1824 448 0 768 32 32 
object 2272 448 0 768 32 32 
object 1344 480 192 768 32 32 
object 1312 320 320 704 32 32 
object 2528 384 608 1056 32 32 load1.txt,0,448
object 2528 416 608 1088 32 32 load1.txt,0,448
billboard 64 384 224 0 224 128 0.75 1 images\buildings.bmp
billboard 256 448 352 192 96 64 0.75 1 images\buildings.bmp
billboard 1888 384 128 128 224 128 0.75 1 images\buildings.bmp
billboard 2112 448 128 0 64 96 0.75 1 images\buildings.bmp
