name noname
width 45
height 12
background sky
bg_image_width 640
bg_image_height 480
bg_offset_x 0
bg_offset_y 0
bg_x_min -999999
bg_x_max 999999
bg_y_min -999999
bg_y_max 999999
bg_translate_rate_x 0
bg_translate_rate_y 0
bgm grassland.mp3 5.24
mapchip 0 512 512 0 64 64 
mapchip 64 512 512 0 64 64 
mapchip 128 512 512 0 64 64 
mapchip 192 512 512 0 64 64 
mapchip 256 512 512 0 64 64 
mapchip 320 512 512 0 64 64 
mapchip 384 512 512 0 64 64 
mapchip 448 512 512 0 64 64 
mapchip 0 576 448 64 64 64 
mapchip 64 576 448 64 64 64 
mapchip 128 576 448 64 64 64 
mapchip 192 576 448 64 64 64 
mapchip 256 576 512 64 64 64 
mapchip 320 576 448 64 64 64 
mapchip 384 576 448 64 64 64 
mapchip 448 576 448 64 64 64 
mapchip 0 640 448 64 64 64 
mapchip 64 640 448 64 64 64 
mapchip 128 640 448 64 64 64 
mapchip 192 640 448 64 64 64 
mapchip 256 640 448 64 64 64 
mapchip 320 640 448 64 64 64 
mapchip 384 640 448 64 64 64 
mapchip 448 640 448 64 64 64 
mapchip 512 640 448 64 64 64 
mapchip 0 704 448 64 64 64 
mapchip 64 704 448 64 64 64 
mapchip 128 704 448 64 64 64 
mapchip 192 704 448 64 64 64 
mapchip 256 704 448 64 64 64 
mapchip 320 704 448 64 64 64 
mapchip 384 704 448 64 64 64 
mapchip 448 704 448 64 64 64 
mapchip 512 704 448 64 64 64 
mapchip 704 512 512 0 64 64 
mapchip 896 512 512 0 64 64 
mapchip 640 576 448 64 64 64 
mapchip 704 576 448 64 64 64 
mapchip 896 576 448 64 64 64 
mapchip 960 576 448 64 64 64 
mapchip 576 640 448 64 64 64 
mapchip 640 640 448 64 64 64 
mapchip 704 640 448 64 64 64 
mapchip 768 640 448 64 64 64 
mapchip 832 640 448 64 64 64 
mapchip 896 640 448 64 64 64 
mapchip 960 640 448 64 64 64 
mapchip 1024 640 448 64 64 64 
mapchip 576 704 448 64 64 64 
mapchip 640 704 448 64 64 64 
mapchip 704 704 448 64 64 64 
mapchip 768 704 448 64 64 64 
mapchip 832 704 448 64 64 64 
mapchip 896 704 448 64 64 64 
mapchip 960 704 448 64 64 64 
mapchip 1024 704 448 64 64 64 
mapchip 1280 512 512 0 64 64 
mapchip 1344 576 448 64 64 64 
mapchip 1408 576 448 64 64 64 
mapchip 1472 576 448 64 64 64 
mapchip 1536 576 448 64 64 64 
mapchip 1600 576 448 64 64 64 
mapchip 1152 576 448 64 64 64 
mapchip 1216 576 448 64 64 64 
mapchip 1280 576 448 64 64 64 
mapchip 1088 640 448 64 64 64 
mapchip 1152 640 448 64 64 64 
mapchip 1216 640 448 64 64 64 
mapchip 1280 640 448 64 64 64 
mapchip 1088 704 448 64 64 64 
mapchip 1152 704 448 64 64 64 
mapchip 1216 704 448 64 64 64 
mapchip 1280 704 448 64 64 64 
mapchip 1280 448 320 256 64 64 
mapchip 1344 512 512 0 64 64 
mapchip 1408 512 512 0 64 64 
mapchip 1472 512 512 0 64 64 
mapchip 1536 512 448 64 64 64 
mapchip 1536 448 448 128 64 64 
mapchip 1344 640 448 64 64 64 
mapchip 1408 640 448 64 64 64 
mapchip 1472 640 448 64 64 64 
mapchip 1536 640 448 64 64 64 
mapchip 1600 640 512 64 64 64 
mapchip 1344 704 448 64 64 64 
mapchip 1408 704 448 64 64 64 
mapchip 1472 704 448 64 64 64 
mapchip 1536 704 448 64 64 64 
mapchip 1600 704 448 64 64 64 
mapchip 1664 640 448 64 64 64 
mapchip 1728 640 448 64 64 64 
mapchip 1792 640 448 64 64 64 
mapchip 1856 640 448 64 64 64 
mapchip 1664 704 448 64 64 64 
mapchip 1728 704 448 64 64 64 
mapchip 1792 704 448 64 64 64 
mapchip 1856 704 448 64 64 64 
mapchip 1664 576 448 64 64 64 
mapchip 1728 576 448 64 64 64 
mapchip 1792 576 448 64 64 64 
mapchip 1856 576 448 64 64 64 
mapchip 1920 576 448 64 64 64 
mapchip 2048 512 512 0 64 64 
mapchip 2112 512 512 0 64 64 
mapchip 2176 512 512 0 64 64 
mapchip 2240 512 512 0 64 64 
mapchip 1920 640 448 64 64 64 
mapchip 1920 704 448 64 64 64 
mapchip 2048 576 448 64 64 64 
mapchip 2112 576 448 64 64 64 
mapchip 2176 576 448 64 64 64 
mapchip 2240 576 448 64 64 64 
mapchip 2176 640 768 64 64 64 
mapchip 2240 640 448 64 64 64 
mapchip 1984 704 448 64 64 64 
mapchip 2048 704 448 64 64 64 
mapchip 2112 704 448 64 64 64 
mapchip 2176 704 448 64 64 64 
mapchip 2240 704 448 64 64 64 
mapchip 1984 768 448 64 64 64 
mapchip 2048 768 448 64 64 64 
mapchip 2112 768 448 64 64 64 
mapchip 2176 768 448 64 64 64 
mapchip 2240 768 448 64 64 64 
mapchip 2048 320 512 256 64 64 
mapchip 2048 384 512 256 64 64 
mapchip 2048 448 512 256 64 64 
mapchip 2048 256 512 256 64 64 
mapchip 2304 512 512 0 64 64 
mapchip 2368 512 512 0 64 64 
mapchip 2432 512 512 0 64 64 
mapchip 2496 512 512 0 64 64 
mapchip 2560 512 512 0 64 64 
mapchip 2304 576 448 64 64 64 
mapchip 2368 576 448 64 64 64 
mapchip 2432 576 448 64 64 64 
mapchip 2496 576 448 64 64 64 
mapchip 2560 576 448 64 64 64 
mapchip 2624 576 448 64 64 64 
mapchip 2688 576 448 64 64 64 
mapchip 2304 640 448 64 64 64 
mapchip 2368 640 448 64 64 64 
mapchip 2432 640 448 64 64 64 
mapchip 2496 640 448 64 64 64 
mapchip 2560 640 512 64 64 64 
mapchip 2624 640 448 64 64 64 
mapchip 2688 640 448 64 64 64 
mapchip 2304 704 448 64 64 64 
mapchip 2368 704 448 64 64 64 
mapchip 2432 704 448 64 64 64 
mapchip 2496 704 448 64 64 64 
mapchip 2560 704 448 64 64 64 
mapchip 2624 704 448 64 64 64 
mapchip 2688 704 448 64 64 64 
mapchip 2304 768 448 64 64 64 
mapchip 2368 768 448 64 64 64 
mapchip 2432 768 448 64 64 64 
mapchip 2496 768 448 64 64 64 
mapchip 2560 768 448 64 64 64 
mapchip 2624 768 448 64 64 64 
mapchip 2688 768 448 64 64 64 
mapchip 2752 576 448 64 64 64 
mapchip 2816 576 448 64 64 64 
mapchip 2880 576 448 64 64 64 
mapchip 2752 640 448 64 64 64 
mapchip 2816 640 448 64 64 64 
mapchip 2880 640 448 64 64 64 
mapchip 2752 704 448 64 64 64 
mapchip 2816 704 448 64 64 64 
mapchip 2880 704 448 64 64 64 
mapchip 2624 512 512 0 64 64 
mapchip 2688 512 512 0 64 64 
mapchip 2752 512 512 0 64 64 
mapchip 2816 512 512 0 64 64 
mapchip 192 448 448 256 64 64 
mapchip 1600 448 448 0 64 64 
mapchip 1664 448 448 0 64 64 
mapchip 1728 448 448 0 64 64 
mapchip 1792 448 448 0 64 64 
mapchip 1856 448 448 0 64 64 
mapchip 1920 448 512 128 64 64 
mapchip 1600 512 448 64 64 64 
mapchip 1664 512 448 64 64 64 
mapchip 1728 512 448 64 64 64 
mapchip 1792 512 448 64 64 64 
mapchip 1856 512 448 64 64 64 
mapchip 1920 512 448 64 64 64 
mapchip 128 448 448 256 64 64 
mapchip 256 448 448 256 64 64 
mapchip 320 448 448 256 64 64 
mapchip 448 448 320 256 64 64 
mapchip 640 512 512 0 64 64 
mapchip 960 512 512 0 64 64 
mapchip 1152 512 512 0 64 64 
mapchip 1216 512 512 0 64 64 
mapchip 960 256 512 256 64 64 
mapchip 960 320 512 256 64 64 
mapchip 960 384 512 256 64 64 
mapchip 960 448 512 256 64 64 
mapchip 2496 448 704 64 64 64 
mapchip 2496 384 704 0 64 64 
mapchip 2688 448 448 256 64 64 
mapchip 2752 448 448 256 64 64 
mapchip 2816 448 448 256 64 64 
mapchip 576 576 448 64 64 64 
mapchip 832 576 448 64 64 64 
mapchip 1088 576 448 64 64 64 
mapchip 1984 512 768 128 64 64 
mapchip 1984 576 768 64 64 64 
mapchip 1984 640 768 64 64 64 
mapchip 2048 640 768 64 64 64 
mapchip 2112 640 768 64 64 64 
mapchip 512 512 768 128 64 64 
mapchip 576 512 768 128 64 64 
mapchip 512 576 768 64 64 64 
mapchip 768 512 768 128 64 64 
mapchip 832 512 768 128 64 64 
mapchip 768 576 768 64 64 64 
mapchip 1088 512 768 128 64 64 
mapchip 1024 512 768 128 64 64 
mapchip 1024 576 768 64 64 64 
mapchip 1600 256 512 256 64 64 
mapchip 1600 320 512 256 64 64 
mapchip 1600 384 512 256 64 64 
mapchip 1728 384 576 256 64 64 
mapchip 1792 384 576 256 64 64 
mapchip 1920 384 448 256 64 64 
mapchip 1600 192 512 640 64 64 
mapchip 960 192 512 640 64 64 
object 0 448 608 1056 32 32 load25.txt,2848,448
object 0 480 608 1088 32 32 load25.txt,2848,448
object 2848 448 608 1056 32 32 load4.txt,0,448
object 2848 480 608 1088 32 32 load4.txt,0,448
object 352 448 0 768 32 32 
object 800 448 320 704 32 32 
object 896 352 480 736 32 32 
object 1024 416 320 704 32 32 
object 1440 480 544 928 32 32 
object 2400 448 288 896 32 32 
object 2624 448 288 896 32 32 
object 1696 384 0 1024 32 32 
object 1856 384 0 1024 32 32 
object 1984 512 544 544 32 32 
object 2016 512 544 544 32 32 
object 1984 672 320 512 32 32 
object 288 448 0 768 32 32 
object 576 544 480 800 32 32 
object 608 544 480 800 32 32 
object 832 544 480 800 32 32 
object 864 544 480 800 32 32 
object 1088 544 320 1248 32 32 
object 1120 544 320 1248 32 32 
object 2208 640 608 1056 32 32 underground1.txt,64,384
object 2208 672 608 1088 32 32 underground1.txt,64,384
object 1952 512 480 1024 32 32 l3bomb
object 2080 672 192 512 32 32 l3bomb
billboard 2464 448 352 192 96 64 0.75 1 images\buildings.bmp
billboard 2336 384 32 32 96 128 0.75 1 images\buildings.bmp
billboard 2656 416 0 32 128 96 0.75 1 images\buildings.bmp
billboard 512 416 128 0 64 128 0.75 1 images\buildings.bmp
billboard 640 416 128 0 64 128 0.75 1 images\buildings.bmp
billboard 896 416 128 0 64 128 0.75 1 images\buildings.bmp
billboard 768 448 128 0 64 128 0.75 1 images\buildings.bmp
billboard 480 448 128 0 64 128 0.75 1 images\buildings.bmp
billboard 1440 416 128 0 64 128 0.75 1 images\buildings.bmp
billboard 1344 416 128 0 64 128 0.75 1 images\buildings.bmp
billboard 2560 416 128 0 64 128 0.75 1 images\buildings.bmp
