name noname
width 25
height 28
background mansion
bg_image_width 640
bg_image_height 480
bg_offset_x 0
bg_offset_y 80
bg_x_min -999999
bg_x_max 999999
bg_y_min -999999
bg_y_max 999999
bg_translate_rate 1
mapchip 0 1664 832 64 64 64 
mapchip 64 1664 832 0 64 64 
mapchip 128 1664 832 0 64 64 
mapchip 192 1664 832 0 64 64 
mapchip 256 1664 832 0 64 64 
mapchip 320 1664 832 0 64 64 
mapchip 384 1664 832 0 64 64 
mapchip 448 1664 832 0 64 64 
mapchip 512 1664 832 64 64 64 
mapchip 576 1664 832 64 64 64 
mapchip 640 1664 832 64 64 64 
mapchip 704 1664 832 64 64 64 
mapchip 768 1664 832 64 64 64 
mapchip 832 1664 832 64 64 64 
mapchip 896 1664 832 64 64 64 
mapchip 960 1664 832 0 64 64 
mapchip 1024 1664 832 0 64 64 
mapchip 1088 1664 832 0 64 64 
mapchip 1152 1664 832 0 64 64 
mapchip 1216 1664 832 0 64 64 
mapchip 1280 1664 832 0 64 64 
mapchip 1344 1664 832 0 64 64 
mapchip 1408 1664 832 0 64 64 
mapchip 1472 1664 832 0 64 64 
mapchip 1536 1664 832 64 64 64 
mapchip 0 1216 832 64 64 64 
mapchip 0 1280 832 64 64 64 
mapchip 0 1344 832 64 64 64 
mapchip 0 1408 832 64 64 64 
mapchip 0 1472 832 64 64 64 
mapchip 0 1536 832 64 64 64 
mapchip 0 1600 832 64 64 64 
mapchip 1536 1216 832 64 64 64 
mapchip 1536 1280 832 64 64 64 
mapchip 1536 1344 832 64 64 64 
mapchip 1536 1408 832 64 64 64 
mapchip 1536 1472 832 64 64 64 
mapchip 1536 1536 832 64 64 64 
mapchip 1536 1600 832 64 64 64 
mapchip 704 1600 832 64 64 64 
mapchip 704 1152 832 64 64 64 
mapchip 704 1216 832 64 64 64 
mapchip 704 1280 832 64 64 64 
mapchip 704 1344 832 64 64 64 
mapchip 704 1408 832 64 64 64 
mapchip 704 1472 832 64 64 64 
mapchip 704 1536 832 64 64 64 
mapchip 512 0 832 64 64 64 
mapchip 576 0 832 64 64 64 
mapchip 640 0 832 64 64 64 
mapchip 704 0 832 64 64 64 
mapchip 768 0 832 64 64 64 
mapchip 832 0 832 64 64 64 
mapchip 896 0 832 64 64 64 
mapchip 960 0 832 64 64 64 
mapchip 1024 0 832 64 64 64 
mapchip 1088 0 832 64 64 64 
mapchip 512 64 832 64 64 64 
mapchip 576 64 832 64 64 64 
mapchip 640 64 832 64 64 64 
mapchip 704 64 832 64 64 64 
mapchip 768 64 832 64 64 64 
mapchip 832 64 832 64 64 64 
mapchip 896 64 832 64 64 64 
mapchip 960 64 832 64 64 64 
mapchip 1024 64 832 64 64 64 
mapchip 1088 64 832 64 64 64 
mapchip 0 0 832 64 64 64 
mapchip 64 0 832 64 64 64 
mapchip 128 0 832 64 64 64 
mapchip 192 0 832 64 64 64 
mapchip 256 0 832 64 64 64 
mapchip 320 0 832 64 64 64 
mapchip 384 0 832 64 64 64 
mapchip 448 0 832 64 64 64 
mapchip 0 64 832 64 64 64 
mapchip 64 64 832 64 64 64 
mapchip 128 64 832 64 64 64 
mapchip 192 64 832 64 64 64 
mapchip 256 64 832 64 64 64 
mapchip 320 64 832 64 64 64 
mapchip 384 64 832 64 64 64 
mapchip 448 64 832 64 64 64 
mapchip 0 128 832 64 64 64 
mapchip 0 192 832 64 64 64 
mapchip 0 256 832 64 64 64 
mapchip 0 320 832 64 64 64 
mapchip 0 384 832 64 64 64 
mapchip 0 448 832 64 64 64 
mapchip 0 576 832 64 64 64 
mapchip 0 640 832 64 64 64 
mapchip 0 704 832 64 64 64 
mapchip 0 768 832 64 64 64 
mapchip 0 832 832 64 64 64 
mapchip 0 896 832 64 64 64 
mapchip 0 960 832 64 64 64 
mapchip 0 1024 832 64 64 64 
mapchip 0 512 832 64 64 64 
mapchip 0 1088 832 64 64 64 
mapchip 0 1152 832 64 64 64 
mapchip 1152 0 832 64 64 64 
mapchip 1216 0 832 64 64 64 
mapchip 1280 0 832 64 64 64 
mapchip 1344 0 832 64 64 64 
mapchip 1408 0 832 64 64 64 
mapchip 1472 0 832 64 64 64 
mapchip 1536 0 832 64 64 64 
mapchip 1152 64 832 64 64 64 
mapchip 1216 64 832 64 64 64 
mapchip 1280 64 832 64 64 64 
mapchip 1344 64 832 64 64 64 
mapchip 1408 64 832 64 64 64 
mapchip 1472 64 832 64 64 64 
mapchip 1536 64 832 64 64 64 
mapchip 1536 128 832 64 64 64 
mapchip 1536 192 832 64 64 64 
mapchip 1536 256 832 64 64 64 
mapchip 1536 320 832 64 64 64 
mapchip 1536 384 832 64 64 64 
mapchip 1536 448 832 64 64 64 
mapchip 1536 512 832 64 64 64 
mapchip 1536 576 832 64 64 64 
mapchip 1536 640 832 64 64 64 
mapchip 1536 704 832 64 64 64 
mapchip 1536 768 832 64 64 64 
mapchip 1536 832 832 64 64 64 
mapchip 1536 896 832 64 64 64 
mapchip 1536 960 832 64 64 64 
mapchip 1536 1024 832 64 64 64 
mapchip 1536 1088 832 64 64 64 
mapchip 1536 1152 832 64 64 64 
mapchip 640 1152 832 64 64 64 
mapchip 640 1216 832 64 64 64 
mapchip 640 1280 832 64 64 64 
mapchip 640 1344 832 64 64 64 
mapchip 640 1408 832 64 64 64 
mapchip 640 1472 832 64 64 64 
mapchip 640 1536 832 64 64 64 
mapchip 640 1600 832 64 64 64 
mapchip 768 1152 832 64 64 64 
mapchip 768 1216 832 64 64 64 
mapchip 768 1280 832 64 64 64 
mapchip 768 1344 832 64 64 64 
mapchip 768 1408 832 64 64 64 
mapchip 768 1472 832 64 64 64 
mapchip 768 1536 832 64 64 64 
mapchip 768 1600 832 64 64 64 
mapchip 640 896 832 64 64 64 
mapchip 704 896 832 64 64 64 
mapchip 768 896 832 64 64 64 
mapchip 640 960 832 64 64 64 
mapchip 704 960 832 64 64 64 
mapchip 768 960 832 64 64 64 
mapchip 640 1024 832 64 64 64 
mapchip 704 1024 832 64 64 64 
mapchip 768 1024 832 64 64 64 
mapchip 640 1088 832 64 64 64 
mapchip 704 1088 832 64 64 64 
mapchip 768 1088 832 64 64 64 
mapchip 640 576 832 64 64 64 
mapchip 704 576 832 64 64 64 
mapchip 768 576 832 64 64 64 
mapchip 640 640 832 64 64 64 
mapchip 768 704 832 0 64 64 
mapchip 640 768 832 0 64 64 
mapchip 704 768 832 0 64 64 
mapchip 768 768 832 64 64 64 
mapchip 640 832 832 64 64 64 
mapchip 704 832 832 64 64 64 
mapchip 768 832 832 64 64 64 
mapchip 576 512 832 0 64 64 
mapchip 640 512 832 0 64 64 
mapchip 704 512 832 0 64 64 
mapchip 768 512 832 0 64 64 
mapchip 832 512 832 0 64 64 
mapchip 448 128 832 64 64 64 
mapchip 512 128 832 64 64 64 
mapchip 576 128 832 64 64 64 
mapchip 640 128 832 64 64 64 
mapchip 704 128 832 64 64 64 
mapchip 768 128 832 64 64 64 
mapchip 832 128 832 64 64 64 
mapchip 896 128 832 64 64 64 
mapchip 64 1408 832 0 64 64 
mapchip 128 1408 832 0 64 64 
mapchip 192 1408 832 0 64 64 
mapchip 256 1408 832 0 64 64 
mapchip 320 1408 832 0 64 64 
mapchip 384 1408 832 0 64 64 
mapchip 192 1152 832 0 64 64 
mapchip 256 1152 832 0 64 64 
mapchip 320 1152 832 0 64 64 
mapchip 384 1152 832 0 64 64 
mapchip 448 1152 832 64 64 64 
mapchip 0 1728 832 64 64 64 
mapchip 64 1728 832 64 64 64 
mapchip 128 1728 832 64 64 64 
mapchip 192 1728 832 64 64 64 
mapchip 256 1728 832 64 64 64 
mapchip 320 1728 832 64 64 64 
mapchip 384 1728 832 64 64 64 
mapchip 448 1728 832 64 64 64 
mapchip 512 1728 832 64 64 64 
mapchip 576 1728 832 64 64 64 
mapchip 640 1728 832 64 64 64 
mapchip 704 1728 832 64 64 64 
mapchip 768 1728 832 64 64 64 
mapchip 832 1728 832 64 64 64 
mapchip 896 1728 832 64 64 64 
mapchip 960 1728 832 64 64 64 
mapchip 1024 1728 832 64 64 64 
mapchip 1088 1728 832 64 64 64 
mapchip 1152 1728 832 64 64 64 
mapchip 1216 1728 832 64 64 64 
mapchip 1280 1728 832 64 64 64 
mapchip 1344 1728 832 64 64 64 
mapchip 1408 1728 832 64 64 64 
mapchip 1472 1728 832 64 64 64 
mapchip 1536 1728 832 64 64 64 
mapchip 512 1600 832 0 64 64 
mapchip 576 1600 832 0 64 64 
mapchip 64 896 832 0 64 64 
mapchip 128 896 832 0 64 64 
mapchip 192 896 832 0 64 64 
mapchip 256 896 832 0 64 64 
mapchip 320 896 832 0 64 64 
mapchip 384 896 832 0 64 64 
mapchip 448 1088 832 0 64 64 
mapchip 192 640 832 0 64 64 
mapchip 256 640 832 0 64 64 
mapchip 320 640 832 0 64 64 
mapchip 384 640 832 0 64 64 
mapchip 448 576 832 0 64 64 
mapchip 512 576 832 0 64 64 
mapchip 576 576 832 64 64 64 
mapchip 448 640 832 64 64 64 
mapchip 1024 512 832 0 64 64 
mapchip 1088 512 832 0 64 64 
mapchip 1152 512 832 0 64 64 
mapchip 1216 512 832 0 64 64 
mapchip 1280 512 832 0 64 64 
mapchip 1344 512 832 0 64 64 
mapchip 1024 576 832 64 64 64 
mapchip 1024 640 832 64 64 64 
mapchip 832 704 832 0 64 64 
mapchip 896 704 832 0 64 64 
mapchip 960 704 832 0 64 64 
mapchip 1024 704 832 64 64 64 
mapchip 1472 576 832 0 64 64 
mapchip 1408 640 832 0 64 64 
mapchip 1216 704 832 0 64 64 
mapchip 1280 704 832 0 64 64 
mapchip 1344 704 832 0 64 64 
mapchip 1472 640 832 64 64 64 
mapchip 1408 704 832 64 64 64 
mapchip 1088 768 832 0 64 64 
mapchip 1152 832 832 0 64 64 
mapchip 1280 896 832 0 64 64 
mapchip 1024 768 832 64 64 64 
mapchip 1088 832 832 64 64 64 
mapchip 1024 960 832 0 64 64 
mapchip 1088 960 832 0 64 64 
mapchip 1152 960 832 0 64 64 
mapchip 1216 960 832 0 64 64 
mapchip 1344 960 832 0 64 64 
mapchip 1408 960 832 0 64 64 
mapchip 1280 960 832 64 64 64 
mapchip 832 1024 832 0 64 64 
mapchip 896 1088 832 0 64 64 
mapchip 960 1152 832 0 64 64 
mapchip 1024 1152 832 0 64 64 
mapchip 1088 1152 832 0 64 64 
mapchip 832 1088 832 64 64 64 
mapchip 832 1152 832 64 64 64 
mapchip 896 1152 832 64 64 64 
mapchip 1280 1152 832 64 64 64 
mapchip 1344 1152 832 0 64 64 
mapchip 1408 1152 832 0 64 64 
mapchip 1472 1152 832 0 64 64 
mapchip 1280 1088 832 128 64 64 
mapchip 1280 1408 832 0 64 64 
mapchip 1344 1408 832 0 64 64 
mapchip 1408 1408 832 0 64 64 
mapchip 1472 1408 832 0 64 64 
mapchip 960 1408 832 0 64 64 
mapchip 1024 1408 832 0 64 64 
mapchip 1088 1408 832 0 64 64 
mapchip 1152 1408 832 0 64 64 
mapchip 1216 1408 832 0 64 64 
mapchip 256 1536 512 448 64 64 
mapchip 256 1280 512 448 64 64 
mapchip 256 1024 512 448 64 64 
mapchip 256 768 512 448 64 64 
mapchip 256 512 512 448 64 64 
mapchip 64 128 832 64 64 64 
mapchip 128 128 832 64 64 64 
mapchip 192 128 832 64 64 64 
mapchip 256 128 832 64 64 64 
mapchip 320 128 832 64 64 64 
mapchip 384 128 832 64 64 64 
mapchip 64 192 832 64 64 64 
mapchip 128 192 832 64 64 64 
mapchip 192 192 832 64 64 64 
mapchip 256 192 832 64 64 64 
mapchip 320 192 832 64 64 64 
mapchip 384 192 832 64 64 64 
mapchip 64 256 832 64 64 64 
mapchip 128 256 832 64 64 64 
mapchip 192 256 832 64 64 64 
mapchip 256 256 832 64 64 64 
mapchip 320 256 832 64 64 64 
mapchip 384 256 832 64 64 64 
mapchip 448 192 832 64 64 64 
mapchip 512 192 832 64 64 64 
mapchip 576 192 832 64 64 64 
mapchip 640 192 832 64 64 64 
mapchip 704 192 832 64 64 64 
mapchip 768 192 832 64 64 64 
mapchip 832 192 832 64 64 64 
mapchip 1088 192 832 64 64 64 
mapchip 1152 192 832 64 64 64 
mapchip 1216 192 832 64 64 64 
mapchip 1280 192 832 64 64 64 
mapchip 1344 192 832 64 64 64 
mapchip 1408 192 832 64 64 64 
mapchip 1472 192 832 64 64 64 
mapchip 768 384 512 448 64 64 
mapchip 1216 384 512 448 64 64 
mapchip 1216 1536 512 448 64 64 
mapchip 1216 1280 512 448 64 64 
mapchip 832 1600 832 0 64 64 
mapchip 896 1600 832 0 64 64 
object 64 1632 608 1088 32 32 mansion1.txt,2400,640
object 64 1600 608 1056 32 32 mansion1.txt,2400,640
object 320 1280 160 736 32 32 
object 576 1248 160 736 32 32 
object 224 1088 448 960 32 32 
object 96 1152 128 512 32 32 0,1,192
object 512 1568 320 512 32 32 
object 416 800 416 512 32 32 
object 416 832 416 512 32 32 
object 416 864 416 512 32 32 
object 480 1056 320 512 32 32 
object 96 640 128 512 32 32 0,1,192
object 544 704 160 736 32 32 
object 128 1632 288 800 32 32 
object 1184 1344 128 512 32 32 0,-1,160
object 480 512 448 960 32 32 
object 608 448 448 960 32 32 
object 512 352 160 736 32 32 
object 1504 1600 608 1056 32 32 mansion3.txt,0,512
object 1504 1632 608 1088 32 32 mansion3.txt,0,512
object 864 1568 320 512 32 32 
