name noname
width 48
height 16
background mansion
bg_image_width 640
bg_image_height 480
bg_offset_x 0
bg_offset_y 0
bg_x_min -999999
bg_x_max 999999
bg_y_min -999999
bg_y_max 999999
bg_translate_rate 1
mapchip 0 576 832 0 64 64 
mapchip 64 576 832 0 64 64 
mapchip 0 640 832 64 64 64 
mapchip 64 640 832 64 64 64 
mapchip 0 704 832 64 64 64 
mapchip 64 704 832 64 64 64 
mapchip 0 768 832 64 64 64 
mapchip 64 768 832 64 64 64 
mapchip 128 768 832 64 64 64 
mapchip 192 768 832 64 64 64 
mapchip 256 768 832 64 64 64 
mapchip 320 768 832 64 64 64 
mapchip 384 768 832 64 64 64 
mapchip 448 768 832 64 64 64 
mapchip 512 768 832 64 64 64 
mapchip 576 768 832 64 64 64 
mapchip 640 768 832 64 64 64 
mapchip 704 768 832 64 64 64 
mapchip 768 768 832 64 64 64 
mapchip 832 768 832 64 64 64 
mapchip 896 768 832 64 64 64 
mapchip 960 768 832 64 64 64 
mapchip 1024 768 832 64 64 64 
mapchip 1088 768 832 64 64 64 
mapchip 1152 768 832 64 64 64 
mapchip 1216 768 832 64 64 64 
mapchip 1280 768 832 64 64 64 
mapchip 1344 768 832 64 64 64 
mapchip 1408 768 832 64 64 64 
mapchip 1472 768 832 64 64 64 
mapchip 1536 768 832 64 64 64 
mapchip 0 832 832 64 64 64 
mapchip 64 832 832 64 64 64 
mapchip 128 832 832 64 64 64 
mapchip 192 832 832 64 64 64 
mapchip 256 832 832 64 64 64 
mapchip 320 832 832 64 64 64 
mapchip 384 832 832 64 64 64 
mapchip 448 832 832 64 64 64 
mapchip 512 832 832 64 64 64 
mapchip 576 832 832 64 64 64 
mapchip 640 832 832 64 64 64 
mapchip 704 832 832 64 64 64 
mapchip 768 832 832 64 64 64 
mapchip 832 832 832 64 64 64 
mapchip 896 832 832 64 64 64 
mapchip 960 832 832 64 64 64 
mapchip 1024 832 832 64 64 64 
mapchip 1088 832 832 64 64 64 
mapchip 1152 832 832 64 64 64 
mapchip 1600 768 832 64 64 64 
mapchip 1664 768 832 64 64 64 
mapchip 1728 768 832 64 64 64 
mapchip 1792 768 832 64 64 64 
mapchip 1216 832 832 64 64 64 
mapchip 1280 832 832 64 64 64 
mapchip 1344 832 832 64 64 64 
mapchip 1408 832 832 64 64 64 
mapchip 1472 832 832 64 64 64 
mapchip 1536 832 832 64 64 64 
mapchip 1600 832 832 64 64 64 
mapchip 1664 832 832 64 64 64 
mapchip 1728 832 832 64 64 64 
mapchip 1792 832 832 64 64 64 
mapchip 1856 768 832 64 64 64 
mapchip 1920 768 832 64 64 64 
mapchip 1984 768 832 64 64 64 
mapchip 2048 768 832 64 64 64 
mapchip 2112 768 832 64 64 64 
mapchip 2176 768 832 64 64 64 
mapchip 2240 768 832 64 64 64 
mapchip 2304 768 832 64 64 64 
mapchip 2368 768 832 64 64 64 
mapchip 2432 768 832 64 64 64 
mapchip 2496 768 832 64 64 64 
mapchip 2560 768 832 64 64 64 
mapchip 2624 768 832 64 64 64 
mapchip 1856 832 832 64 64 64 
mapchip 1920 832 832 64 64 64 
mapchip 1984 832 832 64 64 64 
mapchip 2048 832 832 64 64 64 
mapchip 2112 832 832 64 64 64 
mapchip 2176 832 832 64 64 64 
mapchip 2240 832 832 64 64 64 
mapchip 2304 832 832 64 64 64 
mapchip 2368 832 832 64 64 64 
mapchip 2432 832 832 64 64 64 
mapchip 2496 832 832 64 64 64 
mapchip 2560 832 832 64 64 64 
mapchip 2624 832 832 64 64 64 
mapchip 2944 832 832 64 64 64 
mapchip 2688 768 832 64 64 64 
mapchip 2752 768 832 64 64 64 
mapchip 2816 768 832 64 64 64 
mapchip 2880 768 832 64 64 64 
mapchip 2944 768 832 64 64 64 
mapchip 3008 768 832 64 64 64 
mapchip 2688 832 832 64 64 64 
mapchip 2752 832 832 64 64 64 
mapchip 2816 832 832 64 64 64 
mapchip 2880 832 832 64 64 64 
mapchip 3008 832 832 64 64 64 
mapchip 2944 256 832 0 64 64 
mapchip 3008 256 832 0 64 64 
mapchip 2944 320 832 64 64 64 
mapchip 3008 320 832 64 64 64 
mapchip 2944 384 832 64 64 64 
mapchip 3008 384 832 64 64 64 
mapchip 2944 448 832 64 64 64 
mapchip 3008 448 832 64 64 64 
mapchip 2944 512 832 64 64 64 
mapchip 3008 512 832 64 64 64 
mapchip 2944 576 832 64 64 64 
mapchip 3008 576 832 64 64 64 
mapchip 2944 640 832 64 64 64 
mapchip 3008 640 832 64 64 64 
mapchip 2944 704 832 64 64 64 
mapchip 3008 704 832 64 64 64 
mapchip 0 0 832 64 64 64 
mapchip 64 0 832 64 64 64 
mapchip 128 0 832 64 64 64 
mapchip 192 0 832 64 64 64 
mapchip 256 0 832 64 64 64 
mapchip 320 0 832 64 64 64 
mapchip 384 0 832 64 64 64 
mapchip 448 0 832 64 64 64 
mapchip 512 0 832 64 64 64 
mapchip 576 0 832 64 64 64 
mapchip 640 0 832 64 64 64 
mapchip 704 0 832 64 64 64 
mapchip 768 0 832 64 64 64 
mapchip 832 0 832 64 64 64 
mapchip 896 0 832 64 64 64 
mapchip 960 0 832 64 64 64 
mapchip 1024 0 832 64 64 64 
mapchip 1088 0 832 64 64 64 
mapchip 0 64 832 64 64 64 
mapchip 64 64 832 64 64 64 
mapchip 128 64 832 64 64 64 
mapchip 192 64 832 64 64 64 
mapchip 256 64 832 64 64 64 
mapchip 320 64 832 64 64 64 
mapchip 384 64 832 64 64 64 
mapchip 448 64 832 64 64 64 
mapchip 512 64 832 64 64 64 
mapchip 576 64 832 64 64 64 
mapchip 640 64 832 64 64 64 
mapchip 704 64 832 64 64 64 
mapchip 768 64 832 64 64 64 
mapchip 832 64 832 64 64 64 
mapchip 896 64 832 64 64 64 
mapchip 960 64 832 64 64 64 
mapchip 1024 64 832 64 64 64 
mapchip 1088 64 832 64 64 64 
mapchip 1152 0 832 64 64 64 
mapchip 1216 0 832 64 64 64 
mapchip 1280 0 832 64 64 64 
mapchip 1344 0 832 64 64 64 
mapchip 1408 0 832 64 64 64 
mapchip 1472 0 832 64 64 64 
mapchip 1536 0 832 64 64 64 
mapchip 1600 0 832 64 64 64 
mapchip 1664 0 832 64 64 64 
mapchip 1728 0 832 64 64 64 
mapchip 1792 0 832 64 64 64 
mapchip 1856 0 832 64 64 64 
mapchip 1152 64 832 64 64 64 
mapchip 1216 64 832 64 64 64 
mapchip 1280 64 832 64 64 64 
mapchip 1344 64 832 64 64 64 
mapchip 1408 64 832 64 64 64 
mapchip 1472 64 832 64 64 64 
mapchip 1536 64 832 64 64 64 
mapchip 1600 64 832 64 64 64 
mapchip 1664 64 832 64 64 64 
mapchip 1728 64 832 64 64 64 
mapchip 1792 64 832 64 64 64 
mapchip 1856 64 832 64 64 64 
mapchip 1920 0 832 64 64 64 
mapchip 1984 0 832 64 64 64 
mapchip 2048 0 832 64 64 64 
mapchip 2112 0 832 64 64 64 
mapchip 2176 0 832 64 64 64 
mapchip 2240 0 832 64 64 64 
mapchip 2304 0 832 64 64 64 
mapchip 2368 0 832 64 64 64 
mapchip 2432 0 832 64 64 64 
mapchip 2496 0 832 64 64 64 
mapchip 2560 0 832 64 64 64 
mapchip 2624 0 832 64 64 64 
mapchip 2688 0 832 64 64 64 
mapchip 2752 0 832 64 64 64 
mapchip 2816 0 832 64 64 64 
mapchip 2880 0 832 64 64 64 
mapchip 2944 0 832 64 64 64 
mapchip 1920 64 832 64 64 64 
mapchip 1984 64 832 64 64 64 
mapchip 2048 64 832 64 64 64 
mapchip 2112 64 832 64 64 64 
mapchip 2176 64 832 64 64 64 
mapchip 2240 64 832 64 64 64 
mapchip 2304 64 832 64 64 64 
mapchip 2368 64 832 64 64 64 
mapchip 2432 64 832 64 64 64 
mapchip 2496 64 832 64 64 64 
mapchip 2560 64 832 64 64 64 
mapchip 2624 64 832 64 64 64 
mapchip 2688 64 832 64 64 64 
mapchip 2752 64 832 64 64 64 
mapchip 2816 64 832 64 64 64 
mapchip 2880 64 832 64 64 64 
mapchip 2944 64 832 64 64 64 
mapchip 256 384 512 448 64 64 
mapchip 576 384 512 448 64 64 
mapchip 896 384 512 448 64 64 
mapchip 1216 384 512 448 64 64 
mapchip 1536 384 512 448 64 64 
mapchip 1856 384 512 448 64 64 
mapchip 2176 384 512 448 64 64 
mapchip 2496 384 512 448 64 64 
mapchip 2816 384 512 448 64 64 
mapchip 384 128 832 64 64 64 
mapchip 448 128 832 64 64 64 
mapchip 384 192 832 64 64 64 
mapchip 448 192 832 64 64 64 
mapchip 384 256 832 64 64 64 
mapchip 448 256 832 64 64 64 
mapchip 384 320 832 64 64 64 
mapchip 448 320 832 64 64 64 
mapchip 384 384 832 64 64 64 
mapchip 448 384 832 64 64 64 
mapchip 384 448 832 64 64 64 
mapchip 448 448 832 64 64 64 
mapchip 768 320 832 64 64 64 
mapchip 768 384 832 64 64 64 
mapchip 768 448 832 64 64 64 
mapchip 768 512 832 64 64 64 
mapchip 768 576 832 64 64 64 
mapchip 768 640 832 64 64 64 
mapchip 768 704 832 64 64 64 
mapchip 1088 128 832 64 64 64 
mapchip 1152 128 832 64 64 64 
mapchip 1088 192 832 64 64 64 
mapchip 1152 192 832 64 64 64 
mapchip 1088 256 832 64 64 64 
mapchip 1152 256 832 64 64 64 
mapchip 1088 320 832 64 64 64 
mapchip 1152 320 832 64 64 64 
mapchip 1088 384 832 64 64 64 
mapchip 1152 384 832 64 64 64 
mapchip 1088 448 832 64 64 64 
mapchip 1152 448 832 64 64 64 
mapchip 1088 512 832 64 64 64 
mapchip 1152 512 832 64 64 64 
mapchip 1408 320 832 64 64 64 
mapchip 1472 320 832 64 64 64 
mapchip 1408 384 832 64 64 64 
mapchip 1472 384 832 64 64 64 
mapchip 1408 448 832 64 64 64 
mapchip 1472 448 832 64 64 64 
mapchip 1408 512 832 64 64 64 
mapchip 1472 512 832 64 64 64 
mapchip 1408 576 832 64 64 64 
mapchip 1472 576 832 64 64 64 
mapchip 1536 576 832 64 64 64 
mapchip 1600 576 832 64 64 64 
mapchip 1728 576 832 64 64 64 
mapchip 1536 320 832 64 64 64 
mapchip 1600 320 832 64 64 64 
mapchip 1664 320 832 64 64 64 
mapchip 1728 320 832 64 64 64 
mapchip 1728 384 832 64 64 64 
mapchip 1728 448 832 64 64 64 
mapchip 1728 512 832 64 64 64 
mapchip 1984 128 832 64 64 64 
mapchip 1984 192 832 64 64 64 
mapchip 1984 256 832 64 64 64 
mapchip 1984 320 832 64 64 64 
mapchip 1984 512 832 64 64 64 
mapchip 1984 576 832 64 64 64 
mapchip 1984 640 832 64 64 64 
mapchip 1984 704 832 64 64 64 
mapchip 2048 512 832 64 64 64 
mapchip 2112 512 832 64 64 64 
mapchip 2176 448 832 64 64 64 
mapchip 2240 448 832 64 64 64 
mapchip 2240 256 832 64 64 64 
mapchip 2240 320 832 64 64 64 
mapchip 2240 384 832 64 64 64 
mapchip 2112 448 832 64 64 64 
mapchip 2560 128 832 64 64 64 
mapchip 2560 192 832 64 64 64 
mapchip 2560 256 832 64 64 64 
mapchip 2560 320 832 64 64 64 
mapchip 2560 384 832 64 64 64 
mapchip 2560 448 832 64 64 64 
mapchip 2560 512 832 64 64 64 
mapchip 2560 576 832 64 64 64 
mapchip 2368 576 832 64 64 64 
mapchip 2432 576 832 64 64 64 
mapchip 2496 576 832 64 64 64 
mapchip 2624 448 832 64 64 64 
mapchip 2688 448 832 64 64 64 
mapchip 2624 512 832 64 64 64 
mapchip 2688 512 832 64 64 64 
mapchip 2304 384 832 64 64 64 
mapchip 2368 384 832 64 64 64 
mapchip 0 256 832 64 64 64 
mapchip 64 256 832 64 64 64 
mapchip 128 256 832 64 64 64 
mapchip 192 256 832 64 64 64 
mapchip 256 256 832 64 64 64 
mapchip 0 128 832 64 64 64 
mapchip 0 192 832 64 64 64 
object 128 736 448 1248 32 32 
object 160 736 448 1248 32 32 
object 192 736 448 1248 32 32 
object 224 736 448 1248 32 32 
object 256 736 448 1248 32 32 
object 288 736 448 1248 32 32 
object 320 736 448 1248 32 32 
object 352 736 448 1248 32 32 
object 384 736 448 1248 32 32 
object 416 736 448 1248 32 32 
object 448 736 448 1248 32 32 
object 480 736 448 1248 32 32 
object 512 736 448 1248 32 32 
object 544 736 448 1248 32 32 
object 576 736 448 1248 32 32 
object 608 736 448 1248 32 32 
object 640 736 448 1248 32 32 
object 672 736 448 1248 32 32 
object 704 736 448 1248 32 32 
object 736 736 448 1248 32 32 
object 768 736 448 1248 32 32 
object 800 736 448 1248 32 32 
object 832 736 448 1248 32 32 
object 864 736 448 1248 32 32 
object 896 736 448 1248 32 32 
object 928 736 448 1248 32 32 
object 960 736 448 1248 32 32 
object 992 736 448 1248 32 32 
object 1024 736 448 1248 32 32 
object 1056 736 448 1248 32 32 
object 1088 736 448 1248 32 32 
object 1120 736 448 1248 32 32 
object 1152 736 448 1248 32 32 
object 1184 736 448 1248 32 32 
object 1216 736 448 1248 32 32 
object 1248 736 448 1248 32 32 
object 1280 736 448 1248 32 32 
object 1312 736 448 1248 32 32 
object 1344 736 448 1248 32 32 
object 1376 736 448 1248 32 32 
object 1408 736 448 1248 32 32 
object 1440 736 448 1248 32 32 
object 1472 736 448 1248 32 32 
object 1504 736 448 1248 32 32 
object 1536 736 448 1248 32 32 
object 1568 736 448 1248 32 32 
object 1600 736 448 1248 32 32 
object 1632 736 448 1248 32 32 
object 1664 736 448 1248 32 32 
object 1696 736 448 1248 32 32 
object 1728 736 448 1248 32 32 
object 1760 736 448 1248 32 32 
object 1792 736 448 1248 32 32 
object 1824 736 448 1248 32 32 
object 1856 736 448 1248 32 32 
object 1888 736 448 1248 32 32 
object 1920 736 448 1248 32 32 
object 1952 736 448 1248 32 32 
object 1984 736 448 1248 32 32 
object 2016 736 448 1248 32 32 
object 2048 736 448 1248 32 32 
object 2080 736 448 1248 32 32 
object 2112 736 448 1248 32 32 
object 2144 736 448 1248 32 32 
object 2176 736 448 1248 32 32 
object 2208 736 448 1248 32 32 
object 2240 736 448 1248 32 32 
object 2272 736 448 1248 32 32 
object 2304 736 448 1248 32 32 
object 2336 736 448 1248 32 32 
object 2368 736 448 1248 32 32 
object 2400 736 448 1248 32 32 
object 2432 736 448 1248 32 32 
object 2464 736 448 1248 32 32 
object 2496 736 448 1248 32 32 
object 2528 736 448 1248 32 32 
object 2560 736 448 1248 32 32 
object 2592 736 448 1248 32 32 
object 2624 736 448 1248 32 32 
object 2656 736 448 1248 32 32 
object 2688 736 448 1248 32 32 
object 2720 736 448 1248 32 32 
object 2752 736 448 1248 32 32 
object 2784 736 448 1248 32 32 
object 2816 736 448 1248 32 32 
object 2848 736 448 1248 32 32 
object 2880 736 448 1248 32 32 
object 2912 736 448 1248 32 32 
object 96 544 128 544 32 32 
object 0 512 608 1056 32 32 mansion2.txt,1504,1600
object 0 544 608 1088 32 32 mansion2.txt,1504,1600
object 3040 192 608 1056 32 32 boss_room5.txt,64,448
object 3040 224 608 1088 32 32 boss_room5.txt,64,448
object 1408 640 544 1248 32 32 
object 1440 640 544 1248 32 32 
object 1472 640 544 1248 32 32 
object 1504 640 544 1248 32 32 
object 1536 640 544 1248 32 32 
object 1568 640 544 1248 32 32 
object 1600 640 544 1248 32 32 
object 1632 640 544 1248 32 32 
object 1728 640 544 1248 32 32 
object 1760 640 544 1248 32 32 
object 1376 384 512 1248 32 32 
object 1376 416 512 1248 32 32 
object 1376 448 512 1248 32 32 
object 1376 480 512 1248 32 32 
object 1376 512 512 1248 32 32 
object 1376 544 512 1248 32 32 
object 1376 576 512 1248 32 32 
object 1216 224 480 1248 32 32 
object 1216 256 480 1248 32 32 
object 1216 288 480 1248 32 32 
object 1216 320 480 1248 32 32 
object 1216 352 480 1248 32 32 
object 1216 192 480 1248 32 32 
object 832 352 480 1248 32 32 
object 832 384 480 1248 32 32 
object 832 416 480 1248 32 32 
object 832 448 480 1248 32 32 
object 832 480 480 1248 32 32 
object 832 512 480 1248 32 32 
object 832 544 480 1248 32 32 
object 832 576 480 1248 32 32 
object 832 608 480 1248 32 32 
object 832 640 480 1248 32 32 
object 832 672 480 1248 32 32 
object 736 352 512 1248 32 32 
object 736 384 512 1248 32 32 
object 736 416 512 1248 32 32 
object 736 448 512 1248 32 32 
object 736 480 512 1248 32 32 
object 736 512 512 1248 32 32 
object 736 544 512 1248 32 32 
object 736 576 512 1248 32 32 
object 736 608 512 1248 32 32 
object 736 640 512 1248 32 32 
object 736 672 512 1248 32 32 
object 768 288 448 1248 32 32 
object 800 288 448 1248 32 32 
object 1056 160 512 1248 32 32 
object 1056 192 512 1248 32 32 
object 1056 224 512 1248 32 32 
object 1056 256 512 1248 32 32 
object 1056 288 512 1248 32 32 
object 1056 320 512 1248 32 32 
object 1056 352 512 1248 32 32 
object 1056 384 512 1248 32 32 
object 1056 416 512 1248 32 32 
object 1056 448 512 1248 32 32 
object 1408 288 448 1248 32 32 
object 1440 288 448 1248 32 32 
object 1472 288 448 1248 32 32 
object 1504 288 448 1248 32 32 
object 1536 288 448 1248 32 32 
object 1568 288 448 1248 32 32 
object 1600 288 448 1248 32 32 
object 1632 288 448 1248 32 32 
object 1664 288 448 1248 32 32 
object 1696 288 448 1248 32 32 
object 1728 288 448 1248 32 32 
object 1760 288 448 1248 32 32 
object 1792 320 480 1248 32 32 
object 1792 352 480 1248 32 32 
object 1792 384 480 1248 32 32 
object 1792 416 480 1248 32 32 
object 1792 448 480 1248 32 32 
object 1792 480 480 1248 32 32 
object 1792 512 480 1248 32 32 
object 1792 544 480 1248 32 32 
object 1792 576 480 1248 32 32 
object 1792 608 480 1248 32 32 
object 1952 512 512 1248 32 32 
object 1952 544 512 1248 32 32 
object 1952 576 512 1248 32 32 
object 1952 608 512 1248 32 32 
object 1952 640 512 1248 32 32 
object 1952 672 512 1248 32 32 
object 1952 160 512 1248 32 32 
object 1952 192 512 1248 32 32 
object 1952 224 512 1248 32 32 
object 1952 256 512 1248 32 32 
object 1952 288 512 1248 32 32 
object 1952 320 512 1248 32 32 
object 1952 352 512 1248 32 32 
object 1984 480 448 1248 32 32 
object 2016 480 448 1248 32 32 
object 2144 416 448 1248 32 32 
object 2176 416 448 1248 32 32 
object 2208 416 448 1248 32 32 
object 2112 416 448 1248 32 32 
object 2048 160 480 1248 32 32 
object 2048 192 480 1248 32 32 
object 2048 224 480 1248 32 32 
object 2048 256 480 1248 32 32 
object 2048 288 480 1248 32 32 
object 2048 320 480 1248 32 32 
object 2048 352 480 1248 32 32 
object 2208 256 512 1248 32 32 
object 2208 288 512 1248 32 32 
object 2208 320 512 1248 32 32 
object 2208 352 512 1248 32 32 
object 2208 384 512 1248 32 32 
object 2240 224 448 1248 32 32 
object 2272 224 448 1248 32 32 
object 2304 256 480 1248 32 32 
object 2304 288 480 1248 32 32 
object 2304 320 480 1248 32 32 
object 2528 224 512 1248 32 32 
object 2528 256 512 1248 32 32 
object 2528 288 512 1248 32 32 
object 2528 320 512 1248 32 32 
object 2528 352 512 1248 32 32 
object 2528 384 512 1248 32 32 
object 2528 416 512 1248 32 32 
object 2528 448 512 1248 32 32 
object 2528 480 512 1248 32 32 
object 2528 512 512 1248 32 32 
object 2368 544 448 1248 32 32 
object 2400 544 448 1248 32 32 
object 2752 448 480 1248 32 32 
object 2752 480 480 1248 32 32 
object 2752 512 480 1248 32 32 
object 2752 544 480 1248 32 32 
object 2912 320 512 1248 32 32 
object 2912 352 512 1248 32 32 
object 2912 384 512 1248 32 32 
object 2912 416 512 1248 32 32 
object 2912 448 512 1248 32 32 
object 2912 480 512 1248 32 32 
object 2912 512 512 1248 32 32 
object 2912 544 512 1248 32 32 
object 2912 576 512 1248 32 32 
object 2912 608 512 1248 32 32 
object 2624 160 480 1248 32 32 
object 2624 192 480 1248 32 32 
object 2624 224 480 1248 32 32 
object 2624 256 480 1248 32 32 
object 2624 288 480 1248 32 32 
object 2624 320 480 1248 32 32 
object 2624 352 480 1248 32 32 
object 2624 384 480 1248 32 32 
object 96 224 288 800 32 32 
object 160 224 0 544 32 32 
object 192 224 0 544 32 32 
object 224 224 0 544 32 32 
object 256 224 0 544 32 32 
object 160 192 96 512 32 32 
object 192 192 96 512 32 32 
object 224 192 96 512 32 32 
object 256 192 96 512 32 32 
object 2688 416 128 544 32 32 
object 1056 640 416 736 32 32 
object 1504 192 416 736 32 32 
object 1664 160 416 736 32 32 
object 1856 224 160 736 32 32 
object 1600 480 96 512 32 32 
object 1632 480 96 512 32 32 
object 1600 512 96 512 32 32 
object 1632 512 96 512 32 32 
object 1600 544 96 512 32 32 
object 1632 544 96 512 32 32 
