name noname
width 20
height 22
background cave
bg_image_width 640
bg_image_height 480
bg_offset_x 0
bg_offset_y 0
bg_x_min -999999
bg_x_max 999999
bg_y_min -999999
bg_y_max 999999
bg_translate_rate_x 0
bg_translate_rate_y 0
bgm none 0
mapchip 0 0 256 0 64 64 
mapchip 0 64 256 0 64 64 
mapchip 0 128 256 0 64 64 
mapchip 64 0 256 0 64 64 
mapchip 128 0 256 0 64 64 
mapchip 192 0 256 0 64 64 
mapchip 256 0 256 0 64 64 
mapchip 0 256 256 64 64 64 
mapchip 64 256 256 64 64 64 
mapchip 128 256 256 64 64 64 
mapchip 192 256 256 64 64 64 
mapchip 256 256 192 256 64 64 
mapchip 320 128 256 64 64 64 
mapchip 320 0 256 0 64 64 
mapchip 384 0 256 0 64 64 
mapchip 448 0 256 0 64 64 
mapchip 448 64 256 0 64 64 
mapchip 320 192 256 0 64 64 
mapchip 384 192 256 64 64 64 
mapchip 320 256 256 0 64 64 
mapchip 384 256 256 0 64 64 
mapchip 448 256 256 64 64 64 
mapchip 512 0 256 0 64 64 
mapchip 576 0 256 0 64 64 
mapchip 512 64 256 0 64 64 
mapchip 576 64 256 0 64 64 
mapchip 512 256 256 64 64 64 
mapchip 576 256 256 64 64 64 
mapchip 128 320 256 0 64 64 
mapchip 192 320 256 0 64 64 
mapchip 256 320 192 256 64 64 
mapchip 320 320 256 0 64 64 
mapchip 384 320 256 0 64 64 
mapchip 448 320 256 0 64 64 
mapchip 512 320 256 0 64 64 
mapchip 0 320 256 0 64 64 
mapchip 64 320 256 0 64 64 
mapchip 0 384 256 0 64 64 
mapchip 64 384 256 0 64 64 
mapchip 0 192 192 256 64 64 
mapchip 64 64 192 256 64 64 
mapchip 128 64 192 256 64 64 
mapchip 192 64 192 256 64 64 
mapchip 256 64 192 256 64 64 
mapchip 64 128 192 256 64 64 
mapchip 128 128 192 256 64 64 
mapchip 192 128 192 256 64 64 
mapchip 256 128 192 256 64 64 
mapchip 64 192 192 256 64 64 
mapchip 128 192 192 256 64 64 
mapchip 192 192 192 256 64 64 
mapchip 256 192 192 256 64 64 
mapchip 320 64 192 256 64 64 
mapchip 384 64 192 256 64 64 
mapchip 384 128 192 256 64 64 
mapchip 448 128 192 256 64 64 
mapchip 512 128 192 256 64 64 
mapchip 576 128 192 256 64 64 
mapchip 448 192 192 256 64 64 
mapchip 512 192 192 256 64 64 
mapchip 576 192 192 256 64 64 
mapchip 640 128 256 0 64 64 
mapchip 640 0 256 0 64 64 
mapchip 704 0 256 0 64 64 
mapchip 640 64 256 0 64 64 
mapchip 704 64 256 0 64 64 
mapchip 768 0 256 0 64 64 
mapchip 832 0 256 0 64 64 
mapchip 896 0 256 0 64 64 
mapchip 768 64 256 0 64 64 
mapchip 832 64 256 0 64 64 
mapchip 896 64 256 0 64 64 
mapchip 832 128 256 0 64 64 
mapchip 1024 128 256 0 64 64 
mapchip 960 0 256 0 64 64 
mapchip 1024 0 256 0 64 64 
mapchip 1088 0 256 0 64 64 
mapchip 960 64 256 0 64 64 
mapchip 1024 64 256 0 64 64 
mapchip 1088 64 256 0 64 64 
mapchip 1088 128 256 0 64 64 
mapchip 1088 192 256 0 64 64 
mapchip 1088 256 256 0 64 64 
mapchip 1088 320 256 0 64 64 
mapchip 1088 384 256 0 64 64 
mapchip 1088 448 256 0 64 64 
mapchip 1088 512 256 0 64 64 
mapchip 640 256 256 64 64 64 
mapchip 704 256 256 64 64 64 
mapchip 768 256 256 64 64 64 
mapchip 832 256 256 64 64 64 
mapchip 640 192 192 256 64 64 
mapchip 704 128 192 256 64 64 
mapchip 768 128 192 256 64 64 
mapchip 704 192 192 256 64 64 
mapchip 768 192 192 256 64 64 
mapchip 832 192 192 256 64 64 
mapchip 896 128 192 256 64 64 
mapchip 960 128 192 256 64 64 
mapchip 896 192 192 256 64 64 
mapchip 960 192 192 256 64 64 
mapchip 896 256 192 256 64 64 
mapchip 960 256 192 256 64 64 
mapchip 1024 192 192 256 64 64 
mapchip 1024 256 192 256 64 64 
mapchip 1024 320 256 64 64 64 
mapchip 1024 384 256 0 64 64 
mapchip 1024 448 192 256 64 64 
mapchip 1024 512 192 256 64 64 
mapchip 960 320 256 64 64 64 
mapchip 1152 0 256 0 64 64 
mapchip 1216 0 256 0 64 64 
mapchip 1152 64 256 0 64 64 
mapchip 1216 64 256 0 64 64 
mapchip 1152 128 256 0 64 64 
mapchip 1216 128 256 0 64 64 
mapchip 1152 192 256 0 64 64 
mapchip 1216 192 256 0 64 64 
mapchip 1152 256 256 0 64 64 
mapchip 1216 256 256 0 64 64 
mapchip 1152 320 256 0 64 64 
mapchip 1216 320 256 0 64 64 
mapchip 1152 384 256 0 64 64 
mapchip 1216 384 256 0 64 64 
mapchip 1152 448 256 0 64 64 
mapchip 1216 448 256 0 64 64 
mapchip 1152 512 256 0 64 64 
mapchip 1216 512 256 0 64 64 
mapchip 1088 576 256 0 64 64 
mapchip 1152 576 256 0 64 64 
mapchip 1216 576 256 0 64 64 
mapchip 1088 640 256 0 64 64 
mapchip 1152 640 256 0 64 64 
mapchip 1216 640 256 0 64 64 
mapchip 1088 704 256 0 64 64 
mapchip 1152 704 256 0 64 64 
mapchip 1216 704 256 0 64 64 
mapchip 576 320 256 0 64 64 
mapchip 640 320 256 0 64 64 
mapchip 704 320 256 0 64 64 
mapchip 768 320 256 0 64 64 
mapchip 832 320 256 0 64 64 
mapchip 896 512 256 64 64 64 
mapchip 832 384 256 0 64 64 
mapchip 832 448 256 0 64 64 
mapchip 960 576 256 64 64 64 
mapchip 960 640 192 256 64 64 
mapchip 832 512 256 0 64 64 
mapchip 896 576 256 0 64 64 
mapchip 896 640 256 0 64 64 
mapchip 896 320 192 256 64 64 
mapchip 896 384 192 256 64 64 
mapchip 960 384 192 256 64 64 
mapchip 896 448 192 256 64 64 
mapchip 960 448 192 256 64 64 
mapchip 960 512 192 256 64 64 
mapchip 896 704 192 256 64 64 
mapchip 960 704 192 256 64 64 
mapchip 1024 704 192 256 64 64 
mapchip 1024 576 192 256 64 64 
mapchip 1024 640 192 256 64 64 
mapchip 896 768 256 64 64 64 
mapchip 960 832 256 64 64 64 
mapchip 1024 832 256 64 64 64 
mapchip 960 768 192 256 64 64 
mapchip 1024 768 192 256 64 64 
mapchip 1088 768 256 0 64 64 
mapchip 1152 768 256 0 64 64 
mapchip 1088 832 256 0 64 64 
mapchip 1152 832 256 0 64 64 
mapchip 1216 768 256 0 64 64 
mapchip 1216 832 256 0 64 64 
mapchip 832 832 256 64 64 64 
mapchip 768 768 256 64 64 64 
mapchip 704 640 256 0 64 64 
mapchip 704 704 256 0 64 64 
mapchip 704 384 192 256 64 64 
mapchip 768 384 256 0 64 64 
mapchip 704 448 192 256 64 64 
mapchip 768 448 192 256 64 64 
mapchip 704 512 192 256 64 64 
mapchip 768 512 192 256 64 64 
mapchip 704 576 256 64 64 64 
mapchip 768 576 192 256 64 64 
mapchip 832 576 192 256 64 64 
mapchip 768 640 192 256 64 64 
mapchip 832 640 192 256 64 64 
mapchip 768 704 192 256 64 64 
mapchip 832 704 192 256 64 64 
mapchip 832 768 192 256 64 64 
mapchip 704 768 256 0 64 64 
mapchip 704 832 192 256 64 64 
mapchip 704 896 256 64 64 64 
mapchip 768 896 256 0 64 64 
mapchip 832 896 256 0 64 64 
mapchip 896 896 256 0 64 64 
mapchip 960 896 256 0 64 64 
mapchip 768 832 256 0 64 64 
mapchip 896 832 256 0 64 64 
mapchip 1024 896 256 0 64 64 
mapchip 1088 896 256 0 64 64 
mapchip 1152 896 256 0 64 64 
mapchip 1216 896 256 0 64 64 
mapchip 640 640 256 64 64 64 
mapchip 640 384 256 0 64 64 
mapchip 640 448 256 0 64 64 
mapchip 576 384 256 0 64 64 
mapchip 576 448 256 0 64 64 
mapchip 512 384 256 0 64 64 
mapchip 512 576 256 64 64 64 
mapchip 576 576 256 64 64 64 
mapchip 0 448 256 0 64 64 
mapchip 0 512 256 0 64 64 
mapchip 0 576 256 0 64 64 
mapchip 0 640 256 0 64 64 
mapchip 0 704 256 0 64 64 
mapchip 0 768 256 0 64 64 
mapchip 0 832 256 0 64 64 
mapchip 0 896 256 0 64 64 
mapchip 64 896 256 64 64 64 
mapchip 128 896 256 64 64 64 
mapchip 192 896 256 64 64 64 
mapchip 256 896 256 64 64 64 
mapchip 320 896 256 64 64 64 
mapchip 384 896 256 64 64 64 
mapchip 448 896 256 64 64 64 
mapchip 512 896 256 64 64 64 
mapchip 576 896 256 64 64 64 
mapchip 640 896 256 64 64 64 
mapchip 128 384 256 0 64 64 
mapchip 192 384 256 0 64 64 
mapchip 256 384 192 256 64 64 
mapchip 320 384 256 0 64 64 
mapchip 384 384 256 0 64 64 
mapchip 448 384 256 0 64 64 
mapchip 128 448 256 0 64 64 
mapchip 64 448 256 0 64 64 
mapchip 64 512 256 0 64 64 
mapchip 0 960 256 0 64 64 
mapchip 64 960 256 0 64 64 
mapchip 128 960 256 0 64 64 
mapchip 192 960 256 0 64 64 
mapchip 256 960 256 0 64 64 
mapchip 320 960 256 0 64 64 
mapchip 384 960 256 0 64 64 
mapchip 448 960 256 0 64 64 
mapchip 512 960 256 0 64 64 
mapchip 576 960 256 0 64 64 
mapchip 640 960 256 0 64 64 
mapchip 704 960 256 0 64 64 
mapchip 768 960 256 0 64 64 
mapchip 832 960 256 0 64 64 
mapchip 896 960 256 0 64 64 
mapchip 960 960 256 0 64 64 
mapchip 1024 960 256 0 64 64 
mapchip 1088 960 256 0 64 64 
mapchip 1152 960 256 0 64 64 
mapchip 192 448 192 256 64 64 
mapchip 256 448 192 256 64 64 
mapchip 320 448 192 256 64 64 
mapchip 384 448 192 256 64 64 
mapchip 448 448 192 256 64 64 
mapchip 512 448 192 256 64 64 
mapchip 192 512 192 256 64 64 
mapchip 256 512 192 256 64 64 
mapchip 320 512 192 256 64 64 
mapchip 384 512 192 256 64 64 
mapchip 448 512 192 256 64 64 
mapchip 512 512 192 256 64 64 
mapchip 128 512 192 256 64 64 
mapchip 128 576 192 256 64 64 
mapchip 128 640 192 256 64 64 
mapchip 128 704 192 256 64 64 
mapchip 128 768 192 256 64 64 
mapchip 128 832 192 256 64 64 
mapchip 64 576 192 256 64 64 
mapchip 64 640 192 256 64 64 
mapchip 64 704 192 256 64 64 
mapchip 64 768 192 256 64 64 
mapchip 64 832 192 256 64 64 
mapchip 192 576 192 256 64 64 
mapchip 256 576 192 256 64 64 
mapchip 320 576 192 256 64 64 
mapchip 384 576 192 256 64 64 
mapchip 448 576 192 256 64 64 
mapchip 192 640 192 256 64 64 
mapchip 256 640 192 256 64 64 
mapchip 320 640 192 256 64 64 
mapchip 384 640 192 256 64 64 
mapchip 448 640 192 256 64 64 
mapchip 192 704 192 256 64 64 
mapchip 256 704 192 256 64 64 
mapchip 320 704 192 256 64 64 
mapchip 384 704 192 256 64 64 
mapchip 448 704 192 256 64 64 
mapchip 192 768 192 256 64 64 
mapchip 256 768 192 256 64 64 
mapchip 320 768 192 256 64 64 
mapchip 384 768 192 256 64 64 
mapchip 448 768 192 256 64 64 
mapchip 192 832 192 256 64 64 
mapchip 256 832 192 256 64 64 
mapchip 320 832 192 256 64 64 
mapchip 384 832 192 256 64 64 
mapchip 448 832 192 256 64 64 
mapchip 512 640 192 256 64 64 
mapchip 576 640 192 256 64 64 
mapchip 512 704 192 256 64 64 
mapchip 576 704 192 256 64 64 
mapchip 512 768 192 256 64 64 
mapchip 576 768 192 256 64 64 
mapchip 512 832 192 256 64 64 
mapchip 576 832 192 256 64 64 
mapchip 640 704 192 256 64 64 
mapchip 640 768 192 256 64 64 
mapchip 640 832 192 256 64 64 
mapchip 576 512 192 256 64 64 
mapchip 640 512 192 256 64 64 
mapchip 640 576 192 256 64 64 
object 256 256 512 992 32 32 rbtn1
object 288 256 512 992 32 32 rbtn1
object 544 544 192 544 32 32 rbtn1
object 0 192 608 1056 32 32 river3.txt,2592,704
object 0 224 608 1088 32 32 river3.txt,2592,704
object 512 224 320 1248 32 32 
object 544 224 320 1248 32 32 
object 736 224 320 1248 32 32 
object 768 224 320 1248 32 32 
object 992 288 320 1248 32 32 
object 1024 288 320 1248 32 32 
object 928 128 416 1248 32 32 
object 960 128 416 1248 32 32 
object 992 128 416 1248 32 32 
object 896 128 416 1248 32 32 
object 896 480 320 1248 32 32 
object 960 800 320 1248 32 32 
object 992 800 320 1248 32 32 
object 1024 800 320 1248 32 32 
object 1056 800 320 1248 32 32 
object 960 672 352 1248 32 32 
object 768 640 352 1248 32 32 
object 768 672 352 1248 32 32 
object 800 480 384 1248 32 32 
object 800 512 384 1248 32 32 
object 128 64 416 1248 32 32 
object 160 64 416 1248 32 32 
object 192 64 416 1248 32 32 
object 960 224 640 576 32 32 
object 640 576 640 576 32 32 
object 768 160 640 576 32 32 
object 64 640 32 960 32 32 9
object 96 640 32 960 32 32 9
object 128 640 32 960 32 32 9
object 160 640 32 960 32 32 9
object 192 640 32 960 32 32 9
object 224 640 32 960 32 32 9
object 256 640 32 960 32 32 9
object 288 640 32 960 32 32 9
object 320 640 32 960 32 32 9
object 352 640 32 960 32 32 9
object 384 640 32 960 32 32 9
object 416 640 32 960 32 32 9
object 448 640 32 960 32 32 9
object 480 640 32 960 32 32 9
object 736 864 608 512 32 32 44
object 480 736 32 992 32 32 
