name noname
width 36
height 18
background river
bg_image_width 640
bg_image_height 480
bg_offset_x 0
bg_offset_y 0
bg_x_min -999999
bg_x_max 999999
bg_y_min -999999
bg_y_max 999999
bg_translate_rate_x 0
bg_translate_rate_y 0
bgm riverside.mp3 0
mapchip 0 192 576 0 64 64 
mapchip 64 192 576 0 64 64 
mapchip 128 192 640 128 64 64 
mapchip 320 0 640 0 64 64 
mapchip 384 0 640 0 64 64 
mapchip 320 64 640 0 64 64 
mapchip 384 64 640 0 64 64 
mapchip 320 128 640 0 64 64 
mapchip 384 128 640 0 64 64 
mapchip 320 192 640 0 64 64 
mapchip 384 192 640 0 64 64 
mapchip 320 256 640 0 64 64 
mapchip 384 256 640 0 64 64 
mapchip 320 320 640 0 64 64 
mapchip 384 320 640 0 64 64 
mapchip 0 256 640 0 64 64 
mapchip 64 256 640 0 64 64 
mapchip 128 256 640 0 64 64 
mapchip 0 320 640 0 64 64 
mapchip 64 320 640 0 64 64 
mapchip 128 320 640 0 64 64 
mapchip 0 384 640 0 64 64 
mapchip 64 384 640 0 64 64 
mapchip 128 384 640 0 64 64 
mapchip 0 448 640 0 64 64 
mapchip 64 448 640 0 64 64 
mapchip 128 448 640 0 64 64 
mapchip 0 512 640 0 64 64 
mapchip 64 512 640 0 64 64 
mapchip 128 512 640 0 64 64 
mapchip 0 576 640 0 64 64 
mapchip 64 576 640 0 64 64 
mapchip 128 576 640 0 64 64 
mapchip 0 640 640 0 64 64 
mapchip 64 640 640 0 64 64 
mapchip 128 640 640 0 64 64 
mapchip 192 512 640 0 64 64 
mapchip 256 512 640 0 64 64 
mapchip 320 512 640 0 64 64 
mapchip 384 512 640 0 64 64 
mapchip 192 576 640 0 64 64 
mapchip 256 576 640 0 64 64 
mapchip 320 576 640 0 64 64 
mapchip 384 576 640 0 64 64 
mapchip 192 640 640 0 64 64 
mapchip 256 640 640 0 64 64 
mapchip 320 640 640 0 64 64 
mapchip 384 640 640 0 64 64 
mapchip 192 192 192 192 64 64 
mapchip 256 192 192 192 64 64 
mapchip 192 256 192 256 64 64 
mapchip 256 256 192 256 64 64 
mapchip 192 320 192 256 64 64 
mapchip 256 320 192 256 64 64 
mapchip 192 384 192 256 64 64 
mapchip 256 384 192 256 64 64 
mapchip 192 448 192 256 64 64 
mapchip 256 448 192 256 64 64 
mapchip 320 384 192 256 64 64 
mapchip 384 384 192 256 64 64 
mapchip 320 448 192 256 64 64 
mapchip 384 448 192 256 64 64 
mapchip 448 256 192 192 64 64 
mapchip 448 320 192 256 64 64 
mapchip 448 384 192 256 64 64 
mapchip 448 448 192 256 64 64 
mapchip 448 64 576 0 64 64 
mapchip 512 64 576 0 64 64 
mapchip 576 64 576 0 64 64 
mapchip 448 128 640 0 64 64 
mapchip 512 128 640 0 64 64 
mapchip 576 128 640 0 64 64 
mapchip 512 320 640 0 64 64 
mapchip 512 384 640 0 64 64 
mapchip 512 448 640 0 64 64 
mapchip 640 64 576 0 64 64 
mapchip 640 128 640 0 64 64 
mapchip 640 192 640 0 64 64 
mapchip 640 256 640 0 64 64 
mapchip 640 320 640 0 64 64 
mapchip 640 384 640 0 64 64 
mapchip 640 448 640 0 64 64 
mapchip 448 512 640 0 64 64 
mapchip 512 512 640 0 64 64 
mapchip 448 576 640 0 64 64 
mapchip 512 576 640 0 64 64 
mapchip 512 256 192 192 64 64 
mapchip 576 256 192 192 64 64 
mapchip 576 320 192 256 64 64 
mapchip 576 384 192 256 64 64 
mapchip 576 448 192 256 64 64 
mapchip 576 512 192 256 64 64 
mapchip 576 576 192 256 64 64 
mapchip 448 640 640 0 64 64 
mapchip 512 640 640 0 64 64 
mapchip 576 640 640 0 64 64 
mapchip 640 640 640 0 64 64 
mapchip 704 640 640 0 64 64 
mapchip 640 512 192 256 64 64 
mapchip 704 512 192 256 64 64 
mapchip 640 576 192 256 64 64 
mapchip 704 576 192 256 64 64 
mapchip 768 448 192 256 64 64 
mapchip 768 512 192 256 64 64 
mapchip 832 384 192 256 64 64 
mapchip 832 448 192 256 64 64 
mapchip 704 448 640 0 64 64 
mapchip 768 384 640 0 64 64 
mapchip 832 320 640 0 64 64 
mapchip 704 192 640 128 64 64 
mapchip 704 256 640 0 64 64 
mapchip 704 320 640 0 64 64 
mapchip 704 384 640 0 64 64 
mapchip 768 256 576 0 64 64 
mapchip 768 320 640 0 64 64 
mapchip 832 256 576 0 64 64 
mapchip 768 576 640 0 64 64 
mapchip 768 640 640 0 64 64 
mapchip 832 512 640 0 64 64 
mapchip 832 576 640 0 64 64 
mapchip 832 640 640 0 64 64 
mapchip 896 256 576 0 64 64 
mapchip 960 256 640 0 64 64 
mapchip 1024 256 640 0 64 64 
mapchip 896 320 640 0 64 64 
mapchip 960 320 640 0 64 64 
mapchip 1024 320 0 64 64 64 
mapchip 896 384 192 256 64 64 
mapchip 960 384 192 256 64 64 
mapchip 896 448 192 256 64 64 
mapchip 960 448 192 256 64 64 
mapchip 896 512 192 256 64 64 
mapchip 960 512 192 256 64 64 
mapchip 896 576 192 256 64 64 
mapchip 960 576 192 256 64 64 
mapchip 896 640 192 256 64 64 
mapchip 960 640 192 256 64 64 
mapchip 896 704 192 256 64 64 
mapchip 960 704 192 256 64 64 
mapchip 1024 384 704 384 64 64 
mapchip 1024 448 704 448 64 64 
mapchip 1024 512 704 448 64 64 
mapchip 1024 576 704 448 64 64 
mapchip 1024 640 0 64 64 64 
mapchip 768 704 640 0 64 64 
mapchip 832 704 640 0 64 64 
mapchip 832 768 640 0 64 64 
mapchip 896 768 640 0 64 64 
mapchip 960 768 640 0 64 64 
mapchip 1024 768 640 0 64 64 
mapchip 1088 768 640 0 64 64 
mapchip 1152 768 640 0 64 64 
mapchip 1088 448 192 256 64 64 
mapchip 1088 512 192 256 64 64 
mapchip 1088 576 192 256 64 64 
mapchip 1088 640 192 256 64 64 
mapchip 1088 704 192 256 64 64 
mapchip 1024 704 192 256 64 64 
mapchip 1216 448 192 256 64 64 
mapchip 1216 512 192 256 64 64 
mapchip 1216 576 192 256 64 64 
mapchip 1216 640 192 256 64 64 
mapchip 1216 704 192 256 64 64 
mapchip 1152 640 192 256 64 64 
mapchip 1152 704 0 64 64 64 
mapchip 1216 768 640 0 64 64 
mapchip 1280 384 640 0 64 64 
mapchip 1344 384 192 256 64 64 
mapchip 1280 448 640 0 64 64 
mapchip 1344 448 640 0 64 64 
mapchip 1280 512 640 0 64 64 
mapchip 1344 512 640 0 64 64 
mapchip 1280 576 640 0 64 64 
mapchip 1344 576 640 0 64 64 
mapchip 1280 640 640 0 64 64 
mapchip 1344 640 640 0 64 64 
mapchip 1280 704 640 0 64 64 
mapchip 1344 704 640 0 64 64 
mapchip 1280 768 640 0 64 64 
mapchip 1344 768 640 0 64 64 
mapchip 1152 384 704 384 64 64 
mapchip 1152 448 704 448 64 64 
mapchip 1152 512 704 448 64 64 
mapchip 1152 576 0 64 64 64 
mapchip 1152 320 0 64 64 64 
mapchip 1088 192 576 0 64 64 
mapchip 1088 256 640 0 64 64 
mapchip 1152 256 640 0 64 64 
mapchip 1216 256 640 0 64 64 
mapchip 1088 320 192 256 64 64 
mapchip 1088 384 192 256 64 64 
mapchip 1216 320 192 256 64 64 
mapchip 1216 384 192 256 64 64 
mapchip 1152 192 576 0 64 64 
mapchip 1216 192 640 128 64 64 
mapchip 960 192 576 128 64 64 
mapchip 1024 192 576 0 64 64 
mapchip 1280 320 192 256 64 64 
mapchip 1344 320 192 256 64 64 
mapchip 1408 320 640 0 64 64 
mapchip 1472 320 192 256 64 64 
mapchip 1536 320 192 256 64 64 
mapchip 1280 256 576 0 64 64 
mapchip 1408 384 192 256 64 64 
mapchip 1472 384 192 256 64 64 
mapchip 1536 384 640 0 64 64 
mapchip 1408 448 640 0 64 64 
mapchip 1472 448 640 0 64 64 
mapchip 1536 448 640 0 64 64 
mapchip 1408 512 640 0 64 64 
mapchip 1472 512 640 0 64 64 
mapchip 1536 512 640 0 64 64 
mapchip 1408 576 640 0 64 64 
mapchip 1472 576 640 0 64 64 
mapchip 1536 576 640 0 64 64 
mapchip 1408 640 640 0 64 64 
mapchip 1472 640 640 0 64 64 
mapchip 1536 640 640 0 64 64 
mapchip 1408 704 640 0 64 64 
mapchip 1472 704 640 0 64 64 
mapchip 1536 704 640 0 64 64 
mapchip 1600 320 192 256 64 64 
mapchip 1664 320 192 192 64 64 
mapchip 1728 320 192 192 64 64 
mapchip 1600 384 640 0 64 64 
mapchip 1664 384 640 0 64 64 
mapchip 1728 384 640 0 64 64 
mapchip 1792 384 640 0 64 64 
mapchip 1856 384 640 0 64 64 
mapchip 1920 384 640 0 64 64 
mapchip 1600 448 640 0 64 64 
mapchip 1664 448 640 0 64 64 
mapchip 1728 448 640 0 64 64 
mapchip 1792 448 640 0 64 64 
mapchip 1856 448 640 0 64 64 
mapchip 1920 448 640 0 64 64 
mapchip 1600 512 640 0 64 64 
mapchip 1664 512 640 0 64 64 
mapchip 1728 512 640 0 64 64 
mapchip 1792 512 640 0 64 64 
mapchip 1856 512 640 0 64 64 
mapchip 1920 512 640 0 64 64 
mapchip 1792 320 576 128 64 64 
mapchip 1856 320 576 0 64 64 
mapchip 1920 320 192 192 64 64 
mapchip 1984 320 192 192 64 64 
mapchip 2048 320 192 192 64 64 
mapchip 2112 320 576 0 64 64 
mapchip 2176 320 576 0 64 64 
mapchip 2240 320 576 0 64 64 
mapchip 1984 384 640 0 64 64 
mapchip 2048 384 640 0 64 64 
mapchip 2112 384 640 0 64 64 
mapchip 2176 384 640 0 64 64 
mapchip 2240 384 640 0 64 64 
mapchip 2304 384 640 0 64 64 
mapchip 1984 448 640 0 64 64 
mapchip 2048 448 640 0 64 64 
mapchip 2112 448 640 0 64 64 
mapchip 2176 448 640 0 64 64 
mapchip 2240 448 640 0 64 64 
mapchip 2304 448 640 0 64 64 
mapchip 1984 512 640 0 64 64 
mapchip 2048 512 640 0 64 64 
mapchip 2112 512 640 0 64 64 
mapchip 2176 512 640 0 64 64 
mapchip 2240 512 640 0 64 64 
mapchip 2304 512 640 0 64 64 
mapchip 1792 192 704 0 64 64 
mapchip 1792 256 704 64 64 64 
mapchip 1344 256 576 0 64 64 
mapchip 1408 256 576 0 64 64 
mapchip 1472 256 576 0 64 64 
mapchip 1536 256 576 0 64 64 
mapchip 1600 256 640 128 64 64 
mapchip 448 704 640 0 64 64 
mapchip 512 704 640 0 64 64 
mapchip 576 704 640 0 64 64 
mapchip 640 704 640 0 64 64 
mapchip 704 704 640 0 64 64 
mapchip 448 768 640 0 64 64 
mapchip 512 768 640 0 64 64 
mapchip 576 768 640 0 64 64 
mapchip 640 768 640 0 64 64 
mapchip 704 768 640 0 64 64 
mapchip 768 768 640 0 64 64 
mapchip 448 832 640 0 64 64 
mapchip 512 832 640 0 64 64 
mapchip 576 832 640 0 64 64 
mapchip 640 832 640 0 64 64 
mapchip 704 832 640 0 64 64 
mapchip 768 832 640 0 64 64 
mapchip 256 704 640 0 64 64 
mapchip 320 704 640 0 64 64 
mapchip 384 704 640 0 64 64 
mapchip 256 768 640 0 64 64 
mapchip 320 768 640 0 64 64 
mapchip 384 768 640 0 64 64 
mapchip 256 832 640 0 64 64 
mapchip 320 832 640 0 64 64 
mapchip 384 832 640 0 64 64 
mapchip 832 832 640 0 64 64 
mapchip 896 832 640 0 64 64 
mapchip 960 832 640 0 64 64 
mapchip 1024 832 640 0 64 64 
mapchip 1088 832 640 0 64 64 
mapchip 1152 832 640 0 64 64 
mapchip 1216 832 640 0 64 64 
mapchip 1280 832 640 0 64 64 
mapchip 1344 832 640 0 64 64 
mapchip 832 896 640 0 64 64 
mapchip 896 896 640 0 64 64 
mapchip 960 896 640 0 64 64 
mapchip 1024 896 640 0 64 64 
mapchip 1088 896 640 0 64 64 
mapchip 1152 896 640 0 64 64 
mapchip 1216 896 640 0 64 64 
mapchip 1280 896 640 0 64 64 
mapchip 1344 896 640 0 64 64 
mapchip 832 960 640 0 64 64 
mapchip 896 960 640 0 64 64 
mapchip 960 960 640 0 64 64 
mapchip 1024 960 640 0 64 64 
mapchip 1088 960 640 0 64 64 
mapchip 1152 960 640 0 64 64 
mapchip 1216 960 640 0 64 64 
mapchip 1280 960 640 0 64 64 
mapchip 1344 960 640 0 64 64 
mapchip 640 896 640 0 64 64 
mapchip 704 896 640 0 64 64 
mapchip 768 896 640 0 64 64 
mapchip 640 960 640 0 64 64 
mapchip 704 960 640 0 64 64 
mapchip 768 960 640 0 64 64 
mapchip 1600 576 640 0 64 64 
mapchip 1664 576 640 0 64 64 
mapchip 1728 576 640 0 64 64 
mapchip 1792 576 640 0 64 64 
mapchip 1856 576 640 0 64 64 
mapchip 1600 640 640 0 64 64 
mapchip 1664 640 640 0 64 64 
mapchip 1728 640 640 0 64 64 
mapchip 1792 640 640 0 64 64 
mapchip 1856 640 640 0 64 64 
mapchip 1600 704 640 0 64 64 
mapchip 1664 704 640 0 64 64 
mapchip 1728 704 640 0 64 64 
mapchip 1792 704 640 0 64 64 
mapchip 1856 704 640 0 64 64 
mapchip 1408 768 640 0 64 64 
mapchip 1472 768 640 0 64 64 
mapchip 1536 768 640 0 64 64 
mapchip 1600 768 640 0 64 64 
mapchip 1408 832 640 0 64 64 
mapchip 1472 832 640 0 64 64 
mapchip 1536 832 640 0 64 64 
mapchip 1600 832 640 0 64 64 
mapchip 1408 896 640 0 64 64 
mapchip 1472 896 640 0 64 64 
mapchip 1536 896 640 0 64 64 
mapchip 1600 896 640 0 64 64 
mapchip 1408 960 640 0 64 64 
mapchip 1472 960 640 0 64 64 
mapchip 1536 960 640 0 64 64 
mapchip 1600 960 640 0 64 64 
mapchip 1408 192 128 512 64 64 
mapchip 1472 192 192 512 64 64 
mapchip 1344 192 192 448 64 64 
mapchip 1536 192 192 448 64 64 
mapchip 1152 128 192 512 64 64 
mapchip 1088 128 128 512 64 64 
mapchip 128 128 192 448 64 64 
mapchip 64 128 192 448 64 64 
mapchip 2176 256 192 448 64 64 
mapchip 1856 256 192 448 64 64 
object 0 128 608 1056 32 32 river3.txt,2656,384
object 0 160 608 1088 32 32 river3.txt,2656,384
object 2272 288 608 1088 32 32 river36.txt,0,320
object 2272 256 608 1056 32 32 river36.txt,0,320
object 352 384 768 576 32 32 
object 384 384 768 576 32 32 
object 288 256 768 576 32 32 
object 288 288 768 576 32 32 
object 576 608 768 576 32 32 
object 608 608 768 576 32 32 
object 640 608 768 576 32 32 
object 1088 512 640 576 32 32 
object 960 480 640 576 32 32 
object 1376 416 640 576 32 32 
object 1248 448 640 576 32 32 
object 1504 416 640 576 32 32 
object 832 64 480 736 32 32 
object 1024 96 480 736 32 32 
object 1984 224 480 736 32 32 
object 2144 160 480 736 32 32 
object 1984 352 640 608 32 32 
object 800 544 640 608 32 32 
object 960 736 640 608 32 32 
object 1056 736 640 608 32 32 
object 256 480 640 608 32 32 
object 416 480 640 608 32 32 
object 480 480 768 576 32 32 
object 1088 320 0 544 32 32 
object 1120 320 0 544 32 32 
object 1088 352 0 544 32 32 
object 1120 352 0 544 32 32 
object 1088 384 0 544 32 32 
object 1120 384 0 544 32 32 
object 1216 736 0 544 32 32 
object 1248 736 0 544 32 32 
