name noname
width 48
height 12
background river
bg_image_width 640
bg_image_height 480
bg_offset_x 0
bg_offset_y 0
bg_x_min -999999
bg_x_max 999999
bg_y_min -999999
bg_y_max 999999
bg_translate_rate_x 0
bg_translate_rate_y 0
bgm riverside.mp3 0
mapchip 0 448 576 0 64 64 
mapchip 64 448 576 0 64 64 
mapchip 128 448 576 0 64 64 
mapchip 192 448 576 0 64 64 
mapchip 256 448 576 0 64 64 
mapchip 320 448 576 0 64 64 
mapchip 384 448 576 0 64 64 
mapchip 448 448 640 128 64 64 
mapchip 0 512 640 0 64 64 
mapchip 64 512 640 0 64 64 
mapchip 128 512 640 0 64 64 
mapchip 192 512 640 0 64 64 
mapchip 256 512 640 0 64 64 
mapchip 320 512 640 0 64 64 
mapchip 384 512 640 0 64 64 
mapchip 448 512 640 0 64 64 
mapchip 0 576 640 0 64 64 
mapchip 64 576 640 0 64 64 
mapchip 128 576 640 0 64 64 
mapchip 192 576 640 0 64 64 
mapchip 256 576 640 0 64 64 
mapchip 320 576 640 0 64 64 
mapchip 384 576 640 0 64 64 
mapchip 448 576 640 0 64 64 
mapchip 0 640 640 0 64 64 
mapchip 64 640 640 0 64 64 
mapchip 128 640 640 0 64 64 
mapchip 192 640 640 0 64 64 
mapchip 256 640 640 0 64 64 
mapchip 320 640 640 0 64 64 
mapchip 384 640 640 0 64 64 
mapchip 448 640 640 0 64 64 
mapchip 0 704 640 0 64 64 
mapchip 64 704 640 0 64 64 
mapchip 128 704 640 0 64 64 
mapchip 192 704 640 0 64 64 
mapchip 256 704 640 0 64 64 
mapchip 320 704 640 0 64 64 
mapchip 384 704 640 0 64 64 
mapchip 448 704 640 0 64 64 
mapchip 512 576 640 0 64 64 
mapchip 576 576 640 0 64 64 
mapchip 640 576 640 0 64 64 
mapchip 704 576 640 0 64 64 
mapchip 512 640 640 0 64 64 
mapchip 576 640 640 0 64 64 
mapchip 640 640 640 0 64 64 
mapchip 704 640 640 0 64 64 
mapchip 512 704 640 0 64 64 
mapchip 576 704 640 0 64 64 
mapchip 640 704 640 0 64 64 
mapchip 704 704 640 0 64 64 
mapchip 832 448 576 128 64 64 
mapchip 832 512 640 0 64 64 
mapchip 832 576 640 0 64 64 
mapchip 832 640 640 0 64 64 
mapchip 768 576 640 0 64 64 
mapchip 768 640 640 0 64 64 
mapchip 768 704 640 0 64 64 
mapchip 768 768 640 0 64 64 
mapchip 832 704 640 0 64 64 
mapchip 896 384 576 128 64 64 
mapchip 896 448 640 0 64 64 
mapchip 896 512 640 0 64 64 
mapchip 896 576 640 0 64 64 
mapchip 896 640 640 0 64 64 
mapchip 896 704 640 0 64 64 
mapchip 512 448 192 192 64 64 
mapchip 576 448 192 192 64 64 
mapchip 640 448 192 192 64 64 
mapchip 704 448 192 192 64 64 
mapchip 768 448 192 192 64 64 
mapchip 512 512 192 256 64 64 
mapchip 576 512 192 256 64 64 
mapchip 640 512 192 256 64 64 
mapchip 704 512 192 256 64 64 
mapchip 768 512 192 256 64 64 
mapchip 256 384 576 256 64 64 
mapchip 320 384 576 256 64 64 
mapchip 960 384 576 0 64 64 
mapchip 1024 384 576 0 64 64 
mapchip 1088 384 576 0 64 64 
mapchip 960 448 640 0 64 64 
mapchip 1024 448 640 0 64 64 
mapchip 1088 448 640 0 64 64 
mapchip 960 512 640 0 64 64 
mapchip 1024 512 640 0 64 64 
mapchip 1088 512 640 0 64 64 
mapchip 960 576 640 0 64 64 
mapchip 1024 576 640 0 64 64 
mapchip 1088 576 640 0 64 64 
mapchip 960 640 640 0 64 64 
mapchip 1024 640 640 0 64 64 
mapchip 1088 640 640 0 64 64 
mapchip 960 704 640 0 64 64 
mapchip 1024 704 640 0 64 64 
mapchip 1088 704 640 0 64 64 
mapchip 960 768 640 0 64 64 
mapchip 1024 768 640 0 64 64 
mapchip 1088 768 640 0 64 64 
mapchip 1152 384 640 128 64 64 
mapchip 1152 448 640 0 64 64 
mapchip 1152 512 640 0 64 64 
mapchip 1152 576 640 0 64 64 
mapchip 1152 640 640 0 64 64 
mapchip 1152 704 640 0 64 64 
mapchip 1216 576 640 0 64 64 
mapchip 1280 576 640 0 64 64 
mapchip 1344 576 640 0 64 64 
mapchip 1408 576 640 0 64 64 
mapchip 1472 576 192 256 64 64 
mapchip 1216 640 640 0 64 64 
mapchip 1280 640 640 0 64 64 
mapchip 1344 640 640 0 64 64 
mapchip 1408 640 640 0 64 64 
mapchip 1472 640 640 0 64 64 
mapchip 1216 704 640 0 64 64 
mapchip 1280 704 640 0 64 64 
mapchip 1344 704 640 0 64 64 
mapchip 1408 704 640 0 64 64 
mapchip 1472 704 640 0 64 64 
mapchip 1280 320 640 384 64 64 
mapchip 1344 320 640 384 64 64 
mapchip 1408 320 640 384 64 64 
mapchip 1216 448 192 192 64 64 
mapchip 1280 448 192 192 64 64 
mapchip 1344 448 192 192 64 64 
mapchip 1408 448 192 192 64 64 
mapchip 1216 512 192 256 64 64 
mapchip 1280 512 192 256 64 64 
mapchip 1344 512 192 256 64 64 
mapchip 1408 512 192 256 64 64 
mapchip 1472 448 192 192 64 64 
mapchip 1536 448 704 448 64 64 
mapchip 1600 448 192 256 64 64 
mapchip 1472 512 192 256 64 64 
mapchip 1536 512 704 448 64 64 
mapchip 1600 512 192 256 64 64 
mapchip 1536 576 704 512 64 64 
mapchip 1600 576 192 256 64 64 
mapchip 1664 576 640 0 64 64 
mapchip 1728 576 640 0 64 64 
mapchip 1792 576 640 0 64 64 
mapchip 1536 640 640 0 64 64 
mapchip 1600 640 640 0 64 64 
mapchip 1664 640 640 0 64 64 
mapchip 1728 640 640 0 64 64 
mapchip 1792 640 640 0 64 64 
mapchip 1536 256 704 384 64 64 
mapchip 1536 320 704 448 64 64 
mapchip 1536 384 704 448 64 64 
mapchip 1600 384 192 192 64 64 
mapchip 1664 384 192 192 64 64 
mapchip 1728 384 192 192 64 64 
mapchip 1792 384 192 192 64 64 
mapchip 1856 384 576 128 64 64 
mapchip 1664 448 192 256 64 64 
mapchip 1728 448 192 256 64 64 
mapchip 1792 448 192 256 64 64 
mapchip 1664 512 192 256 64 64 
mapchip 1728 512 192 256 64 64 
mapchip 1792 512 192 256 64 64 
mapchip 1856 448 640 0 64 64 
mapchip 1856 512 640 0 64 64 
mapchip 1856 576 640 0 64 64 
mapchip 1856 640 640 0 64 64 
mapchip 1920 448 640 0 64 64 
mapchip 1984 448 640 0 64 64 
mapchip 2048 448 640 0 64 64 
mapchip 1920 512 640 0 64 64 
mapchip 1984 512 640 0 64 64 
mapchip 2048 512 640 0 64 64 
mapchip 1920 576 640 0 64 64 
mapchip 1984 576 640 0 64 64 
mapchip 2048 576 640 0 64 64 
mapchip 1920 640 640 0 64 64 
mapchip 1984 640 640 0 64 64 
mapchip 2048 640 640 0 64 64 
mapchip 1920 384 576 0 64 64 
mapchip 1984 384 576 0 64 64 
mapchip 2048 384 576 0 64 64 
mapchip 1664 256 640 384 64 64 
mapchip 1728 320 640 384 64 64 
mapchip 1024 320 576 256 64 64 
mapchip 1088 320 576 256 64 64 
mapchip 1920 320 576 256 64 64 
mapchip 1536 704 640 0 64 64 
mapchip 1600 704 640 0 64 64 
mapchip 1664 704 640 0 64 64 
mapchip 1728 704 640 0 64 64 
mapchip 1792 704 640 0 64 64 
mapchip 1856 704 640 0 64 64 
mapchip 1920 704 640 0 64 64 
mapchip 1984 704 640 0 64 64 
mapchip 2048 704 640 0 64 64 
mapchip 2112 448 640 0 64 64 
mapchip 2176 448 640 0 64 64 
mapchip 2240 448 640 0 64 64 
mapchip 2112 512 640 0 64 64 
mapchip 2176 512 640 0 64 64 
mapchip 2240 512 640 0 64 64 
mapchip 2112 576 640 0 64 64 
mapchip 2176 576 640 0 64 64 
mapchip 2240 576 640 0 64 64 
mapchip 2112 640 640 0 64 64 
mapchip 2176 640 640 0 64 64 
mapchip 2240 640 640 0 64 64 
mapchip 2112 704 640 0 64 64 
mapchip 2176 704 640 0 64 64 
mapchip 2240 704 640 0 64 64 
mapchip 2112 768 640 0 64 64 
mapchip 2176 768 640 0 64 64 
mapchip 2240 768 640 0 64 64 
mapchip 2112 384 576 0 64 64 
mapchip 2176 384 576 0 64 64 
mapchip 2240 384 640 128 64 64 
mapchip 2816 384 704 448 64 64 
mapchip 2880 384 640 0 64 64 
mapchip 2944 384 640 0 64 64 
mapchip 3008 384 640 0 64 64 
mapchip 2880 448 640 0 64 64 
mapchip 2944 448 640 0 64 64 
mapchip 3008 448 640 0 64 64 
mapchip 3072 448 640 0 64 64 
mapchip 2880 512 640 0 64 64 
mapchip 2944 512 640 0 64 64 
mapchip 3008 512 640 0 64 64 
mapchip 3072 512 640 0 64 64 
mapchip 2880 576 640 0 64 64 
mapchip 2944 576 640 0 64 64 
mapchip 3008 576 640 0 64 64 
mapchip 3072 576 640 0 64 64 
mapchip 2880 640 640 0 64 64 
mapchip 2944 640 640 0 64 64 
mapchip 3008 640 640 0 64 64 
mapchip 3072 640 640 0 64 64 
mapchip 2880 704 640 0 64 64 
mapchip 2944 704 640 0 64 64 
mapchip 3008 704 640 0 64 64 
mapchip 2304 704 640 0 64 64 
mapchip 2368 704 640 0 64 64 
mapchip 2432 704 640 0 64 64 
mapchip 2496 704 640 0 64 64 
mapchip 2560 704 640 0 64 64 
mapchip 2624 704 640 0 64 64 
mapchip 2688 704 640 0 64 64 
mapchip 2752 704 640 0 64 64 
mapchip 2816 704 640 0 64 64 
mapchip 2880 320 576 128 64 64 
mapchip 2944 320 576 0 64 64 
mapchip 3008 320 576 0 64 64 
mapchip 3072 384 640 0 64 64 
mapchip 2304 384 192 192 64 64 
mapchip 2368 384 192 192 64 64 
mapchip 2432 384 704 448 64 64 
mapchip 2496 384 192 192 64 64 
mapchip 2560 384 192 192 64 64 
mapchip 2624 384 704 448 64 64 
mapchip 2688 384 192 192 64 64 
mapchip 2752 384 192 192 64 64 
mapchip 2304 448 192 256 64 64 
mapchip 2368 448 192 256 64 64 
mapchip 2432 448 704 448 64 64 
mapchip 2496 448 192 256 64 64 
mapchip 2560 448 192 256 64 64 
mapchip 2624 448 704 448 64 64 
mapchip 2688 448 192 256 64 64 
mapchip 2752 448 192 256 64 64 
mapchip 2816 448 704 448 64 64 
mapchip 2304 512 192 256 64 64 
mapchip 2368 512 192 256 64 64 
mapchip 2432 512 704 448 64 64 
mapchip 2496 512 192 256 64 64 
mapchip 2560 512 192 256 64 64 
mapchip 2624 512 704 512 64 64 
mapchip 2688 512 192 256 64 64 
mapchip 2752 512 192 256 64 64 
mapchip 2816 512 704 448 64 64 
mapchip 2304 576 192 256 64 64 
mapchip 2368 576 192 256 64 64 
mapchip 2432 576 704 512 64 64 
mapchip 2496 576 192 256 64 64 
mapchip 2560 576 192 256 64 64 
mapchip 2624 576 704 448 64 64 
mapchip 2688 576 192 256 64 64 
mapchip 2752 576 192 256 64 64 
mapchip 2816 576 704 448 64 64 
mapchip 2304 640 192 256 64 64 
mapchip 2368 640 192 256 64 64 
mapchip 2432 640 704 448 64 64 
mapchip 2496 640 192 256 64 64 
mapchip 2560 640 192 256 64 64 
mapchip 2624 640 704 448 64 64 
mapchip 2688 640 192 256 64 64 
mapchip 2752 640 192 256 64 64 
mapchip 2816 640 704 448 64 64 
mapchip 2432 320 704 384 64 64 
mapchip 2624 256 704 384 64 64 
mapchip 2624 320 704 448 64 64 
mapchip 2816 256 704 384 64 64 
mapchip 2816 320 704 448 64 64 
mapchip 2048 320 192 448 64 64 
mapchip 2112 320 192 448 64 64 
mapchip 2176 320 192 448 64 64 
mapchip 384 384 192 448 64 64 
mapchip 448 384 192 448 64 64 
object 0 384 608 1056 32 32 river1.txt,2016,576
object 0 416 608 1088 32 32 river1.txt,2016,576
object 512 544 640 608 32 32 
object 768 544 640 608 32 32 
object 704 480 640 576 32 32 
object 576 544 0 544 32 32 
object 640 544 0 544 32 32 
object 704 544 0 544 32 32 
object 1536 608 0 544 32 32 
object 1568 608 0 544 32 32 
object 1312 288 0 544 32 32 
object 2368 288 0 544 32 32 
object 2560 192 0 544 32 32 
object 2464 608 0 544 32 32 
object 2752 192 0 544 32 32 
object 1408 480 640 576 32 32 
object 1728 448 640 576 32 32 
object 384 416 480 640 32 32 
object 1120 352 480 640 32 32 
object 3040 288 608 1088 32 32 river3.txt,0,512
object 3040 256 608 1056 32 32 river3.txt,0,512
object 2656 544 0 544 32 32 
object 2784 672 608 512 32 32 37
object 1280 544 640 608 32 32 
object 1408 544 640 608 32 32 
object 1760 544 640 608 32 32 
object 2528 672 640 608 32 32 
object 2336 672 640 608 32 32 
object 2240 352 480 640 32 32 
