name noname
width 32
height 12
background river
bg_image_width 640
bg_image_height 480
bg_offset_x 0
bg_offset_y 0
bg_x_min -999999
bg_x_max 999999
bg_y_min -999999
bg_y_max 999999
bg_translate_rate_x 0
bg_translate_rate_y 0
bgm riverside.mp3 0
mapchip 0 448 576 0 64 64 
mapchip 0 512 640 0 64 64 
mapchip 64 512 640 0 64 64 
mapchip 128 512 640 0 64 64 
mapchip 0 576 640 0 64 64 
mapchip 64 576 640 0 64 64 
mapchip 128 576 640 0 64 64 
mapchip 0 640 640 0 64 64 
mapchip 64 640 640 0 64 64 
mapchip 128 640 640 0 64 64 
mapchip 0 704 640 0 64 64 
mapchip 64 704 640 0 64 64 
mapchip 128 704 640 0 64 64 
mapchip 64 448 576 0 64 64 
mapchip 128 448 576 0 64 64 
mapchip 192 448 576 0 64 64 
mapchip 256 448 576 0 64 64 
mapchip 320 448 576 0 64 64 
mapchip 192 512 640 0 64 64 
mapchip 256 512 640 0 64 64 
mapchip 320 512 640 0 64 64 
mapchip 192 576 640 0 64 64 
mapchip 256 576 640 0 64 64 
mapchip 320 576 640 0 64 64 
mapchip 192 640 640 0 64 64 
mapchip 256 640 640 0 64 64 
mapchip 320 640 640 0 64 64 
mapchip 192 704 640 0 64 64 
mapchip 256 704 640 0 64 64 
mapchip 320 704 640 0 64 64 
mapchip 384 448 576 0 64 64 
mapchip 448 512 576 0 64 64 
mapchip 512 512 192 192 64 64 
mapchip 576 512 192 192 64 64 
mapchip 640 512 192 192 64 64 
mapchip 384 512 640 0 64 64 
mapchip 384 576 640 0 64 64 
mapchip 384 640 640 0 64 64 
mapchip 384 704 640 0 64 64 
mapchip 448 576 640 0 64 64 
mapchip 512 576 192 256 64 64 
mapchip 576 576 192 256 64 64 
mapchip 640 576 192 256 64 64 
mapchip 704 576 640 0 64 64 
mapchip 768 576 576 0 64 64 
mapchip 448 640 640 0 64 64 
mapchip 512 640 640 0 64 64 
mapchip 576 640 640 0 64 64 
mapchip 640 640 640 0 64 64 
mapchip 704 640 640 0 64 64 
mapchip 768 640 640 0 64 64 
mapchip 448 704 640 0 64 64 
mapchip 512 704 640 0 64 64 
mapchip 576 704 640 0 64 64 
mapchip 640 704 640 0 64 64 
mapchip 704 704 640 0 64 64 
mapchip 768 704 640 0 64 64 
mapchip 448 768 640 0 64 64 
mapchip 512 768 640 0 64 64 
mapchip 576 768 640 0 64 64 
mapchip 640 768 640 0 64 64 
mapchip 704 768 640 0 64 64 
mapchip 768 768 640 0 64 64 
mapchip 832 576 576 0 64 64 
mapchip 896 576 576 0 64 64 
mapchip 960 576 576 0 64 64 
mapchip 1024 576 640 128 64 64 
mapchip 1088 576 576 256 64 64 
mapchip 1152 576 576 256 64 64 
mapchip 832 640 640 0 64 64 
mapchip 896 640 640 0 64 64 
mapchip 960 640 640 0 64 64 
mapchip 1024 640 640 0 64 64 
mapchip 1088 640 576 0 64 64 
mapchip 1152 640 576 0 64 64 
mapchip 832 704 640 0 64 64 
mapchip 896 704 640 0 64 64 
mapchip 960 704 640 0 64 64 
mapchip 1024 704 640 0 64 64 
mapchip 1088 704 640 0 64 64 
mapchip 1152 704 640 0 64 64 
mapchip 704 512 640 128 64 64 
mapchip 1216 640 576 0 64 64 
mapchip 1280 640 576 0 64 64 
mapchip 1344 640 576 0 64 64 
mapchip 1408 640 576 0 64 64 
mapchip 1216 704 640 0 64 64 
mapchip 1280 704 640 0 64 64 
mapchip 1344 704 640 0 64 64 
mapchip 1408 704 640 0 64 64 
mapchip 192 384 448 256 64 64 
mapchip 256 384 448 256 64 64 
mapchip 320 384 448 256 64 64 
mapchip 384 384 448 256 64 64 
mapchip 1472 640 192 192 64 64 
mapchip 1536 640 192 192 64 64 
mapchip 1600 640 192 192 64 64 
mapchip 1664 640 192 192 64 64 
mapchip 1728 640 576 0 64 64 
mapchip 1792 640 576 0 64 64 
mapchip 1472 704 640 0 64 64 
mapchip 1536 704 640 0 64 64 
mapchip 1600 704 640 0 64 64 
mapchip 1664 704 640 0 64 64 
mapchip 1728 704 640 0 64 64 
mapchip 1792 704 640 0 64 64 
mapchip 1856 704 640 0 64 64 
mapchip 1920 704 640 0 64 64 
mapchip 1984 704 640 0 64 64 
mapchip 1856 640 576 0 64 64 
mapchip 1920 640 576 0 64 64 
mapchip 1984 640 576 0 64 64 
mapchip 832 512 576 256 64 64 
mapchip 896 512 576 256 64 64 
mapchip 960 512 576 256 64 64 
mapchip 1216 576 576 256 64 64 
mapchip 1728 576 576 256 64 64 
mapchip 1792 576 576 256 64 64 
mapchip 1408 576 192 448 64 64 
mapchip 64 384 192 448 64 64 
mapchip 128 384 192 448 64 64 
mapchip 448 448 192 448 64 64 
mapchip 704 448 192 448 64 64 
object 0 384 608 1056 32 32 forest_river.txt,128,384
object 0 416 608 1088 32 32 forest_river.txt,128,384
object 992 544 192 768 32 32 
object 1376 608 480 640 32 32 
object 1888 608 480 640 32 32 
object 2016 576 608 1056 32 32 river2.txt,0,384
object 2016 608 608 1088 32 32 river2.txt,0,384
object 608 608 640 608 32 32 
object 1536 672 640 608 32 32 
object 1632 672 640 608 32 32 
object 672 608 0 544 32 32 
object 1696 672 0 544 32 32 
