name noname
width 32
height 12
background school
bg_image_width 640
bg_image_height 480
bg_offset_x -32
bg_offset_y 256
bg_x_min -999999
bg_x_max 999999
bg_y_min -999999
bg_y_max 999999
bg_translate_rate_x 1
bg_translate_rate_y 1
bgm dailylife2.mp3 5.24
mapchip 0 704 0 64 64 64 
mapchip 64 704 0 64 64 64 
mapchip 128 704 0 64 64 64 
mapchip 192 704 0 64 64 64 
mapchip 256 704 0 64 64 64 
mapchip 320 704 0 64 64 64 
mapchip 384 704 0 64 64 64 
mapchip 448 704 0 64 64 64 
mapchip 512 704 0 64 64 64 
mapchip 576 704 0 64 64 64 
mapchip 640 704 0 64 64 64 
mapchip 704 704 0 64 64 64 
mapchip 768 704 0 64 64 64 
mapchip 832 704 0 64 64 64 
mapchip 896 704 0 64 64 64 
mapchip 960 704 0 64 64 64 
mapchip 1024 704 0 64 64 64 
mapchip 1088 704 0 64 64 64 
mapchip 1152 704 0 64 64 64 
mapchip 1216 704 0 64 64 64 
mapchip 1280 704 0 64 64 64 
mapchip 1344 704 0 64 64 64 
mapchip 1408 704 0 64 64 64 
mapchip 1472 704 0 64 64 64 
mapchip 1536 704 0 64 64 64 
mapchip 1600 704 0 64 64 64 
mapchip 1664 704 0 64 64 64 
mapchip 1728 704 0 64 64 64 
mapchip 1792 704 0 0 64 64 
mapchip 1856 704 0 64 64 64 
mapchip 0 320 0 64 64 64 
mapchip 0 384 0 64 64 64 
mapchip 0 448 0 64 64 64 
mapchip 0 512 0 64 64 64 
mapchip 0 576 0 64 64 64 
mapchip 0 640 0 64 64 64 
mapchip 0 64 0 64 64 64 
mapchip 0 128 0 64 64 64 
mapchip 0 192 0 64 64 64 
mapchip 0 256 0 64 64 64 
mapchip 64 640 0 0 64 64 
mapchip 128 640 0 0 64 64 
mapchip 192 640 0 64 64 64 
mapchip 256 640 0 64 64 64 
mapchip 320 640 0 64 64 64 
mapchip 384 640 0 0 64 64 
mapchip 448 640 0 0 64 64 
mapchip 512 640 0 0 64 64 
mapchip 576 640 0 0 64 64 
mapchip 640 640 0 0 64 64 
mapchip 576 576 0 320 64 64 
mapchip 704 576 64 128 64 64 
mapchip 704 640 0 0 64 64 
mapchip 768 640 0 0 64 64 
mapchip 832 640 0 0 64 64 
mapchip 896 640 0 0 64 64 
mapchip 960 640 0 0 64 64 
mapchip 1024 640 0 0 64 64 
mapchip 1088 640 0 0 64 64 
mapchip 1152 640 0 0 64 64 
mapchip 1408 640 0 0 64 64 
mapchip 1472 640 0 0 64 64 
mapchip 1536 640 0 0 64 64 
mapchip 1600 640 0 0 64 64 
mapchip 1664 640 0 0 64 64 
mapchip 1728 640 0 0 64 64 
mapchip 1856 640 0 0 64 64 
mapchip 1920 640 0 0 64 64 
mapchip 1920 704 0 64 64 64 
mapchip 1984 704 0 64 64 64 
mapchip 1984 320 0 64 64 64 
mapchip 1984 384 0 64 64 64 
mapchip 1984 448 0 64 64 64 
mapchip 1984 512 0 64 64 64 
mapchip 1984 576 0 64 64 64 
mapchip 1984 640 0 64 64 64 
mapchip 1984 0 0 64 64 64 
mapchip 1984 64 0 64 64 64 
mapchip 1984 128 0 64 64 64 
mapchip 1984 192 0 64 64 64 
mapchip 1984 256 0 64 64 64 
mapchip 0 0 0 64 64 64 
mapchip 960 320 0 64 64 64 
mapchip 1024 320 0 64 64 64 
mapchip 1088 320 0 64 64 64 
mapchip 1152 320 0 64 64 64 
mapchip 128 320 0 64 64 64 
mapchip 192 320 0 64 64 64 
mapchip 256 320 0 64 64 64 
mapchip 320 320 0 64 64 64 
mapchip 384 320 0 64 64 64 
mapchip 448 320 0 64 64 64 
mapchip 64 320 0 64 64 64 
mapchip 512 320 0 64 64 64 
mapchip 576 320 0 64 64 64 
mapchip 640 320 0 64 64 64 
mapchip 704 320 0 64 64 64 
mapchip 768 320 0 64 64 64 
mapchip 832 320 0 64 64 64 
mapchip 896 320 0 64 64 64 
mapchip 1216 320 0 64 64 64 
mapchip 1280 320 0 64 64 64 
mapchip 1344 320 0 64 64 64 
mapchip 1408 320 0 64 64 64 
mapchip 1472 320 0 64 64 64 
mapchip 1536 320 0 64 64 64 
mapchip 1600 320 0 64 64 64 
mapchip 1664 320 0 64 64 64 
mapchip 1728 320 0 64 64 64 
mapchip 1792 320 0 64 64 64 
mapchip 1856 320 0 64 64 64 
mapchip 1920 320 0 64 64 64 
mapchip 64 256 0 64 64 64 
mapchip 128 256 0 64 64 64 
mapchip 192 256 0 64 64 64 
mapchip 256 256 0 64 64 64 
mapchip 320 256 0 64 64 64 
mapchip 384 256 0 64 64 64 
mapchip 448 256 0 64 64 64 
mapchip 512 256 0 64 64 64 
mapchip 576 256 0 64 64 64 
mapchip 640 256 0 64 64 64 
mapchip 704 256 0 64 64 64 
mapchip 768 256 0 64 64 64 
mapchip 832 256 0 64 64 64 
mapchip 896 256 0 64 64 64 
mapchip 960 256 0 64 64 64 
mapchip 1024 256 0 64 64 64 
mapchip 1088 256 0 64 64 64 
mapchip 1152 256 0 64 64 64 
mapchip 1216 256 0 64 64 64 
mapchip 1280 256 0 64 64 64 
mapchip 1344 256 0 64 64 64 
mapchip 1408 256 0 64 64 64 
mapchip 1472 256 0 64 64 64 
mapchip 1536 256 0 64 64 64 
mapchip 1600 256 0 64 64 64 
mapchip 1664 256 0 64 64 64 
mapchip 1728 256 0 64 64 64 
mapchip 1792 256 0 64 64 64 
mapchip 1856 256 0 64 64 64 
mapchip 1920 256 0 64 64 64 
mapchip 192 576 0 0 64 64 
mapchip 1664 576 64 192 64 64 
mapchip 768 576 64 128 64 64 
mapchip 256 576 0 0 64 64 
mapchip 320 576 0 0 64 64 
mapchip 1216 640 0 0 64 64 
mapchip 1280 640 0 0 64 64 
mapchip 1344 640 0 0 64 64 
mapchip 512 512 0 256 64 64 
mapchip 576 512 64 256 64 64 
mapchip 1216 576 64 128 64 64 
mapchip 1280 576 64 128 64 64 
mapchip 1216 384 0 64 64 64 
mapchip 1280 384 0 64 64 64 
mapchip 1344 384 0 64 64 64 
mapchip 1408 384 0 64 64 64 
mapchip 512 384 0 64 64 64 
mapchip 576 384 0 64 64 64 
mapchip 640 384 0 64 64 64 
mapchip 704 384 0 64 64 64 
mapchip 448 384 256 512 64 64 
mapchip 1088 384 256 512 64 64 
mapchip 128 384 256 512 64 64 
mapchip 1728 384 256 512 64 64 
object 1952 576 544 512 32 32 rouka3.txt,64,576
object 1952 608 544 512 32 32 rouka3.txt,64,576
object 64 576 544 512 32 32 rouka2.txt,1952,576
object 64 608 544 512 32 32 rouka2.txt,1952,576
object 480 576 0 704 32 32 
object 864 576 0 704 32 32 
object 1056 576 0 704 32 32 
object 1536 576 0 704 32 32 
object 1696 576 0 1024 32 32 
object 1792 640 384 544 32 32 coin
object 1824 640 384 544 32 32 coin
object 1792 672 384 544 32 32 mpcan,mpc_r25
object 1824 672 384 544 32 32 coin
