name noname
width 30
height 30
bg_image_width 640
bg_image_height 340
bg_offset_x 32
bg_offset_y -64
mapchip 0 0 0 64 64 64 
mapchip 0 64 0 64 64 64 
mapchip 0 128 0 64 64 64 
mapchip 0 192 0 64 64 64 
mapchip 0 256 0 64 64 64 
mapchip 64 0 0 64 64 64 
mapchip 128 0 0 64 64 64 
mapchip 192 0 0 64 64 64 
mapchip 256 0 0 64 64 64 
mapchip 320 0 0 64 64 64 
mapchip 384 0 0 64 64 64 
mapchip 448 0 0 64 64 64 
mapchip 512 0 0 64 64 64 
mapchip 0 320 0 64 64 64 
mapchip 0 384 0 64 64 64 
mapchip 64 384 0 64 64 64 
mapchip 128 384 0 64 64 64 
mapchip 192 384 0 64 64 64 
mapchip 256 384 0 64 64 64 
mapchip 320 384 0 0 64 64 
mapchip 384 384 0 0 64 64 
mapchip 64 320 0 0 64 64 
mapchip 128 320 0 0 64 64 
mapchip 192 320 0 0 64 64 
mapchip 256 320 0 0 64 64 
mapchip 448 448 0 0 64 64 
mapchip 512 448 0 0 64 64 
mapchip 576 512 0 0 64 64 
mapchip 640 512 0 0 64 64 
mapchip 512 512 0 64 64 64 
mapchip 384 448 0 64 64 64 
mapchip 704 576 0 0 64 64 
mapchip 768 576 0 0 64 64 
mapchip 896 640 0 0 64 64 
mapchip 960 640 0 0 64 64 
mapchip 1024 640 0 0 64 64 
mapchip 1088 640 0 0 64 64 
mapchip 1152 640 0 0 64 64 
mapchip 1216 640 0 0 64 64 
mapchip 512 704 0 0 64 64 
mapchip 576 704 0 0 64 64 
mapchip 640 704 0 0 64 64 
mapchip 704 704 0 0 64 64 
mapchip 768 704 0 0 64 64 
mapchip 832 704 0 0 64 64 
mapchip 256 704 0 0 64 64 
mapchip 320 704 0 0 64 64 
mapchip 384 704 0 0 64 64 
mapchip 448 704 0 0 64 64 
mapchip 64 704 0 0 64 64 
mapchip 128 704 0 0 64 64 
mapchip 192 704 0 0 64 64 
mapchip 640 576 0 64 64 64 
mapchip 0 448 0 64 64 64 
mapchip 0 512 0 64 64 64 
mapchip 0 576 0 64 64 64 
mapchip 0 640 0 64 64 64 
mapchip 0 704 0 64 64 64 
mapchip 0 768 0 64 64 64 
mapchip 64 768 0 64 64 64 
mapchip 128 768 0 64 64 64 
mapchip 192 768 0 64 64 64 
mapchip 256 768 0 64 64 64 
mapchip 320 768 0 64 64 64 
mapchip 384 768 0 64 64 64 
mapchip 448 768 0 64 64 64 
mapchip 512 768 0 64 64 64 
mapchip 576 768 0 64 64 64 
mapchip 640 768 0 64 64 64 
mapchip 704 768 0 64 64 64 
mapchip 768 768 0 64 64 64 
mapchip 832 768 0 64 64 64 
mapchip 896 768 0 64 64 64 
mapchip 960 768 0 64 64 64 
mapchip 1024 768 0 64 64 64 
mapchip 1088 768 0 64 64 64 
mapchip 1152 768 0 64 64 64 
mapchip 1216 768 0 64 64 64 
mapchip 1280 768 0 64 64 64 
mapchip 896 704 0 64 64 64 
mapchip 960 704 0 64 64 64 
mapchip 1024 704 0 64 64 64 
mapchip 1088 704 0 64 64 64 
mapchip 1152 704 0 64 64 64 
mapchip 1216 704 0 64 64 64 
mapchip 1280 704 0 64 64 64 
mapchip 1344 704 0 64 64 64 
mapchip 1408 704 0 64 64 64 
mapchip 1472 704 0 64 64 64 
mapchip 1536 704 0 64 64 64 
mapchip 1344 768 0 64 64 64 
mapchip 1408 768 0 64 64 64 
mapchip 1472 768 0 64 64 64 
mapchip 1536 768 0 64 64 64 
mapchip 1600 768 0 64 64 64 
mapchip 1600 704 0 64 64 64 
mapchip 1664 704 0 64 64 64 
mapchip 1664 768 0 64 64 64 
mapchip 1280 640 0 0 64 64 
mapchip 1344 640 0 0 64 64 
mapchip 1408 640 0 0 64 64 
mapchip 1472 640 0 0 64 64 
mapchip 1536 640 0 0 64 64 
mapchip 1600 640 0 0 64 64 
mapchip 1664 640 0 0 64 64 
mapchip 1216 512 0 256 64 64 
mapchip 1280 512 64 256 64 64 
mapchip 576 0 0 64 64 64 
mapchip 640 0 0 64 64 64 
mapchip 704 0 0 64 64 64 
mapchip 768 0 0 64 64 64 
mapchip 832 0 0 64 64 64 
mapchip 896 0 0 64 64 64 
mapchip 960 0 0 64 64 64 
mapchip 1024 0 0 64 64 64 
mapchip 1088 0 0 64 64 64 
mapchip 1152 0 0 64 64 64 
mapchip 1216 0 0 64 64 64 
mapchip 1280 0 0 64 64 64 
mapchip 1344 0 0 64 64 64 
mapchip 1408 0 0 64 64 64 
mapchip 1472 0 0 64 64 64 
mapchip 1536 0 0 64 64 64 
mapchip 1600 0 0 64 64 64 
mapchip 1664 0 0 64 64 64 
mapchip 1728 0 0 64 64 64 
mapchip 1792 0 0 64 64 64 
mapchip 1856 0 0 64 64 64 
mapchip 1856 64 0 64 64 64 
mapchip 1856 128 0 64 64 64 
mapchip 1856 192 0 64 64 64 
mapchip 1856 256 0 64 64 64 
mapchip 1856 320 0 64 64 64 
mapchip 1856 384 0 64 64 64 
mapchip 1856 448 0 64 64 64 
mapchip 1856 512 0 64 64 64 
mapchip 1856 576 0 64 64 64 
mapchip 1856 640 0 64 64 64 
mapchip 1856 704 0 64 64 64 
mapchip 1856 768 0 64 64 64 
mapchip 1728 704 0 64 64 64 
mapchip 1792 704 0 64 64 64 
mapchip 1728 768 0 64 64 64 
mapchip 1792 768 0 64 64 64 
mapchip 1728 640 0 0 64 64 
mapchip 1792 640 0 0 64 64 
mapchip 960 576 64 192 64 64 
mapchip 1600 576 128 64 64 64 
mapchip 1088 576 0 192 64 64 
mapchip 1024 320 0 0 64 64 
mapchip 1088 320 0 0 64 64 
mapchip 1152 320 0 0 64 64 
mapchip 1216 320 0 0 64 64 
mapchip 1280 320 0 0 64 64 
mapchip 1344 320 0 0 64 64 
mapchip 1408 320 0 0 64 64 
mapchip 1472 320 0 0 64 64 
mapchip 1536 320 0 0 64 64 
mapchip 1600 320 0 0 64 64 
mapchip 1664 320 0 0 64 64 
mapchip 1728 320 0 0 64 64 
mapchip 1280 256 128 0 64 64 
mapchip 1344 256 128 0 64 64 
object 64 256 544 512 32 32 classroom1.txt,608,384
object 64 288 544 512 32 32 classroom1.txt,608,384
object 64 640 544 512 32 32 dojo.txt,1504,448
object 64 672 544 512 32 32 dojo.txt,1504,448
object 1344 544 320 704 32 32 
object 1408 480 320 704 32 32 
object 960 320 128 512 32 32 0,1,240
